{
"lowlevel": {
    "average_loudness": 0.794953405857,
    "barkbands_crest": {
        "dmean": 2.43643760681,
        "dmean2": 3.91550064087,
        "dvar": 4.84597158432,
        "dvar2": 12.1807823181,
        "max": 24.9320964813,
        "mean": 9.19800281525,
        "median": 8.40103435516,
        "min": 2.37642288208,
        "var": 13.8788862228
    },
    "barkbands_flatness_db": {
        "dmean": 0.0219213496894,
        "dmean2": 0.0351084508002,
        "dvar": 0.000341982609825,
        "dvar2": 0.000866385060363,
        "max": 0.358358412981,
        "mean": 0.179251074791,
        "median": 0.176731601357,
        "min": 0.0574210882187,
        "var": 0.00120625912677
    },
    "barkbands_kurtosis": {
        "dmean": 1.38555729389,
        "dmean2": 2.17713594437,
        "dvar": 5.92451667786,
        "dvar2": 14.116399765,
        "max": 53.8338813782,
        "mean": 1.10480678082,
        "median": 0.0741217136383,
        "min": -1.90516650677,
        "var": 11.0551700592
    },
    "barkbands_skewness": {
        "dmean": 0.420438885689,
        "dmean2": 0.634902536869,
        "dvar": 0.200358062983,
        "dvar2": 0.443669766188,
        "max": 6.93006658554,
        "mean": 0.854791283607,
        "median": 0.790003836155,
        "min": -3.55165052414,
        "var": 0.87763261795
    },
    "barkbands_spread": {
        "dmean": 4.95462942123,
        "dmean2": 7.53423690796,
        "dvar": 24.6742095947,
        "dvar2": 54.2574729919,
        "max": 94.8199310303,
        "mean": 23.7785949707,
        "median": 22.5554237366,
        "min": 1.8236669302,
        "var": 99.3723754883
    },
    "dissonance": {
        "dmean": 0.0181677974761,
        "dmean2": 0.0302255675197,
        "dvar": 0.000285432848614,
        "dvar2": 0.000772322120611,
        "max": 0.499999970198,
        "mean": 0.463415920734,
        "median": 0.468527019024,
        "min": 0.245057612658,
        "var": 0.000617924903054
    },
    "dynamic_complexity": 3.01442575455,
    "erbbands_crest": {
        "dmean": 2.78656721115,
        "dmean2": 4.46386909485,
        "dvar": 6.67733478546,
        "dvar2": 16.2731151581,
        "max": 33.7933731079,
        "mean": 9.75149345398,
        "median": 8.5647277832,
        "min": 2.55133914948,
        "var": 22.7632045746
    },
    "erbbands_flatness_db": {
        "dmean": 0.0164621416479,
        "dmean2": 0.023027677089,
        "dvar": 0.000242868016358,
        "dvar2": 0.000442499323981,
        "max": 0.422513306141,
        "mean": 0.218330770731,
        "median": 0.216247841716,
        "min": 0.0826577842236,
        "var": 0.00156906747725
    },
    "erbbands_kurtosis": {
        "dmean": 0.753062486649,
        "dmean2": 1.16735517979,
        "dvar": 1.92128300667,
        "dvar2": 4.18999767303,
        "max": 73.4068222046,
        "mean": 0.168914139271,
        "median": -0.410237312317,
        "min": -1.81195163727,
        "var": 5.84199237823
    },
    "erbbands_skewness": {
        "dmean": 0.325042784214,
        "dmean2": 0.502506792545,
        "dvar": 0.0869737714529,
        "dvar2": 0.199631333351,
        "max": 3.85131812096,
        "mean": 0.0989630073309,
        "median": 0.0921956822276,
        "min": -5.56422185898,
        "var": 0.399910777807
    },
    "erbbands_spread": {
        "dmean": 6.54861402512,
        "dmean2": 9.80135822296,
        "dvar": 43.4749946594,
        "dvar2": 93.8168869019,
        "max": 110.807495117,
        "mean": 33.4284706116,
        "median": 32.1370201111,
        "min": 1.11695086956,
        "var": 207.193344116
    },
    "hfc": {
        "dmean": 5.35509586334,
        "dmean2": 7.46286439896,
        "dvar": 55.8036575317,
        "dvar2": 108.276138306,
        "max": 278.418670654,
        "mean": 18.0131340027,
        "median": 12.9362955093,
        "min": 1.0365086589e-16,
        "var": 298.654174805
    },
    "melbands_crest": {
        "dmean": 3.06601905823,
        "dmean2": 4.95009183884,
        "dvar": 7.45803928375,
        "dvar2": 19.2552776337,
        "max": 32.2699966431,
        "mean": 12.5756940842,
        "median": 11.8973560333,
        "min": 1.53221106529,
        "var": 19.5038166046
    },
    "melbands_flatness_db": {
        "dmean": 0.0225514322519,
        "dmean2": 0.0331026762724,
        "dvar": 0.00047940784134,
        "dvar2": 0.00103383825626,
        "max": 0.377222001553,
        "mean": 0.179924443364,
        "median": 0.178748309612,
        "min": 0.00373378559016,
        "var": 0.00211193296127
    },
    "melbands_kurtosis": {
        "dmean": 3.55547094345,
        "dmean2": 5.55584812164,
        "dvar": 50.6197814941,
        "dvar2": 120.454391479,
        "max": 187.205718994,
        "mean": 5.75845718384,
        "median": 2.91962003708,
        "min": -1.88191246986,
        "var": 90.7843322754
    },
    "melbands_skewness": {
        "dmean": 0.551503241062,
        "dmean2": 0.830401539803,
        "dvar": 0.414897531271,
        "dvar2": 0.911909401417,
        "max": 11.2593641281,
        "mean": 1.76224195957,
        "median": 1.59560787678,
        "min": -2.71328449249,
        "var": 1.55634236336
    },
    "melbands_spread": {
        "dmean": 7.36602449417,
        "dmean2": 11.3924255371,
        "dvar": 66.7303314209,
        "dvar2": 145.85635376,
        "max": 218.7865448,
        "mean": 30.8093471527,
        "median": 28.2416267395,
        "min": 2.2533788681,
        "var": 309.046905518
    },
    "pitch_salience": {
        "dmean": 0.0640823990107,
        "dmean2": 0.101714007556,
        "dvar": 0.00311924889684,
        "dvar2": 0.00773908384144,
        "max": 0.860988914967,
        "mean": 0.537428319454,
        "median": 0.531630277634,
        "min": 0.152963355184,
        "var": 0.0101278144866
    },
    "silence_rate_20dB": {
        "dmean": 0,
        "dmean2": 0,
        "dvar": 0,
        "dvar2": 0,
        "max": 1,
        "mean": 1,
        "median": 1,
        "min": 1,
        "var": 0
    },
    "silence_rate_30dB": {
        "dmean": 0.000476985442219,
        "dmean2": 0.000954027811531,
        "dvar": 0.000476724031614,
        "dvar2": 0.00131074222736,
        "max": 1,
        "mean": 0.999701917171,
        "median": 1,
        "min": 0,
        "var": 0.000297991529806
    },
    "silence_rate_60dB": {
        "dmean": 0.0224183164537,
        "dmean2": 0.0448393076658,
        "dvar": 0.0219104997814,
        "dvar2": 0.050941657275,
        "max": 1,
        "mean": 0.0507363006473,
        "median": 0,
        "min": 0,
        "var": 0.0481541976333
    },
    "spectral_centroid": {
        "dmean": 256.51940918,
        "dmean2": 392.129211426,
        "dvar": 73609.2265625,
        "dvar2": 159025.21875,
        "max": 11808.1806641,
        "mean": 1674.03894043,
        "median": 1576.25720215,
        "min": 365.745727539,
        "var": 762743.0625
    },
    "spectral_complexity": {
        "dmean": 3.7049844265,
        "dmean2": 5.47015666962,
        "dvar": 17.7403202057,
        "dvar2": 35.2754249573,
        "max": 58,
        "mean": 16.9865856171,
        "median": 16,
        "min": 0,
        "var": 68.996635437
    },
    "spectral_decrease": {
        "dmean": 1.63088631489e-09,
        "dmean2": 2.4474120508e-09,
        "dvar": 6.83322447579e-18,
        "dvar2": 1.56900181072e-17,
        "max": 1.54217973628e-28,
        "mean": -4.61428184551e-09,
        "median": -3.49150641732e-09,
        "min": -3.69714285853e-08,
        "var": 1.54319609171e-17
    },
    "spectral_energy": {
        "dmean": 0.00656653521582,
        "dmean2": 0.00978846941143,
        "dvar": 0.000104908329376,
        "dvar2": 0.000239475833951,
        "max": 0.146380111575,
        "mean": 0.019049204886,
        "median": 0.0144861834124,
        "min": 9.96404963775e-21,
        "var": 0.000256252504187
    },
    "spectral_energyband_high": {
        "dmean": 0.000274023215752,
        "dmean2": 0.000381870631827,
        "dvar": 4.32375628634e-07,
        "dvar2": 7.26510393179e-07,
        "max": 0.0421085804701,
        "mean": 0.000574922480155,
        "median": 0.000277005834505,
        "min": 6.77482126262e-21,
        "var": 1.59966248248e-06
    },
    "spectral_energyband_low": {
        "dmean": 0.00261925999075,
        "dmean2": 0.00428593158722,
        "dvar": 5.02177026647e-05,
        "dvar2": 0.000124768237583,
        "max": 0.0980922356248,
        "mean": 0.00400653807446,
        "median": 0.00245225522667,
        "min": 1.92669809769e-23,
        "var": 4.83152907691e-05
    },
    "spectral_energyband_middle_high": {
        "dmean": 0.00205255602486,
        "dmean2": 0.0029854697641,
        "dvar": 9.28692679736e-06,
        "dvar2": 1.93223568203e-05,
        "max": 0.085194028914,
        "mean": 0.00643690442666,
        "median": 0.00410673301667,
        "min": 1.19828208792e-21,
        "var": 5.2192594012e-05
    },
    "spectral_energyband_middle_low": {
        "dmean": 0.00382506777532,
        "dmean2": 0.00584603054449,
        "dvar": 4.25172001997e-05,
        "dvar2": 0.000102328216599,
        "max": 0.13415017724,
        "mean": 0.00856719724834,
        "median": 0.00579016236588,
        "min": 1.3977992987e-22,
        "var": 8.79140279721e-05
    },
    "spectral_entropy": {
        "dmean": 0.145268291235,
        "dmean2": 0.206083551049,
        "dvar": 0.0180807579309,
        "dvar2": 0.0342219918966,
        "max": 9.82158088684,
        "mean": 7.50802135468,
        "median": 7.51151752472,
        "min": 5.69381761551,
        "var": 0.113417439163
    },
    "spectral_flux": {
        "dmean": 0.0213561542332,
        "dmean2": 0.0324891321361,
        "dvar": 0.000673422997352,
        "dvar2": 0.00142747210339,
        "max": 0.319405853748,
        "mean": 0.0723191872239,
        "median": 0.0617002211511,
        "min": 6.36154601219e-11,
        "var": 0.00173784908839
    },
    "spectral_kurtosis": {
        "dmean": 1.88885879517,
        "dmean2": 3.31992602348,
        "dvar": 3.52028274536,
        "dvar2": 10.3840579987,
        "max": 33.8589324951,
        "mean": 2.63767242432,
        "median": 2.05936861038,
        "min": -1.26127696037,
        "var": 5.67073011398
    },
    "spectral_rms": {
        "dmean": 0.000678405922372,
        "dmean2": 0.000978833413683,
        "dvar": 7.12864164143e-07,
        "dvar2": 1.49651407355e-06,
        "max": 0.011950308457,
        "mean": 0.00398109480739,
        "median": 0.0037593699526,
        "min": 3.11785558309e-12,
        "var": 2.73555156127e-06
    },
    "spectral_rolloff": {
        "dmean": 439.397125244,
        "dmean2": 712.674438477,
        "dvar": 353621.875,
        "dvar2": 727317.1875,
        "max": 19444.4824219,
        "mean": 1841.80834961,
        "median": 1614.99023438,
        "min": 86.1328125,
        "var": 2552508.5
    },
    "spectral_skewness": {
        "dmean": 0.232415422797,
        "dmean2": 0.391138315201,
        "dvar": 0.0418208129704,
        "dvar2": 0.117647498846,
        "max": 3.8229970932,
        "mean": 0.964940190315,
        "median": 0.940513372421,
        "min": -0.555595993996,
        "var": 0.123098447919
    },
    "spectral_spread": {
        "dmean": 286027.6875,
        "dmean2": 424346.46875,
        "dvar": 201241100288,
        "dvar2": 382105026560,
        "max": 42779708,
        "mean": 3524227.5,
        "median": 3246220.5,
        "min": 1513108.5,
        "var": 7.9892536361e+12
    },
    "spectral_strongpeak": {
        "dmean": 0.649398982525,
        "dmean2": 1.07261943817,
        "dvar": 0.909485518932,
        "dvar2": 2.17610883713,
        "max": 14.741186142,
        "mean": 1.28166770935,
        "median": 0.749941885471,
        "min": 0,
        "var": 2.32977795601
    },
    "zerocrossingrate": {
        "dmean": 0.0079283695668,
        "dmean2": 0.00929000880569,
        "dvar": 8.31530414871e-05,
        "dvar2": 0.000115846698463,
        "max": 0.52587890625,
        "mean": 0.0638355910778,
        "median": 0.05859375,
        "min": 0.0087890625,
        "var": 0.00158237712458
    },
    "barkbands": {
        "dmean": [0.000108854917926, 0.00138556724414, 0.00110302760731, 0.000779931258876, 0.000869140203577, 0.00121292716358, 0.000777865760028, 0.00100350216962, 0.000685031001922, 0.000471556850243, 0.000501689151861, 0.000590014271438, 0.000399348937208, 0.000345046370057, 0.000463240634417, 0.000201724993531, 0.000297582155326, 0.000185731478268, 0.000184198986972, 0.000153500412125, 0.000102775462437, 6.8078719778e-05, 4.50664520031e-05, 2.71280659945e-05, 6.75994613175e-07, 7.39934225003e-10, 7.80367936937e-10],
        "dmean2": [0.000179508206202, 0.00234393030405, 0.0018780992832, 0.00133317220025, 0.0013597557554, 0.00194942613598, 0.00118569098413, 0.001519357902, 0.000990810920484, 0.000687083171215, 0.000768975412939, 0.000906562316231, 0.000615028315224, 0.000527234107722, 0.000727484875824, 0.000318663864164, 0.000465945631731, 0.000290677533485, 0.000283559726086, 0.000241080691922, 0.00015632645227, 9.64755308814e-05, 6.23353917035e-05, 3.97779804189e-05, 1.00743761777e-06, 1.37040445658e-09, 1.44557543713e-09],
        "dvar": [1.44906721289e-07, 1.67423877429e-05, 8.58717794472e-06, 7.39893266655e-06, 2.24403174798e-06, 1.46007141666e-05, 4.79768368677e-06, 9.98229461402e-06, 3.80575625059e-06, 1.35263155698e-06, 1.53353539645e-06, 2.8137596928e-06, 1.224140874e-06, 8.46862462822e-07, 1.53465805397e-06, 1.67335770129e-07, 2.70838114602e-07, 9.91634223624e-08, 9.68239177723e-08, 1.00909304024e-07, 5.30153343448e-08, 4.40603109553e-08, 3.28407665506e-08, 4.543541543e-09, 5.83138268576e-12, 1.43210451536e-18, 1.59283863307e-18],
        "dvar2": [3.59557503771e-07, 4.43006647401e-05, 2.36450796365e-05, 1.97645495064e-05, 4.92804065289e-06, 3.77759934054e-05, 1.02215672086e-05, 2.33684913837e-05, 7.99214012659e-06, 2.63302422354e-06, 3.38352356266e-06, 5.91693515162e-06, 2.56607086158e-06, 1.71837677954e-06, 3.52695428774e-06, 3.76603424002e-07, 6.38271387743e-07, 2.34729611748e-07, 2.31460774103e-07, 2.32587240134e-07, 1.19731822679e-07, 7.53623226046e-08, 5.53451364738e-08, 8.4572260306e-09, 1.2787650279e-11, 4.56922410819e-18, 5.08073067871e-18],
        "max": [0.00543735129759, 0.0615005344152, 0.0539622455835, 0.0596769861877, 0.0478503964841, 0.120599597692, 0.103832751513, 0.0973881706595, 0.0564134307206, 0.0503521561623, 0.0546948760748, 0.0813116654754, 0.0440105348825, 0.0334630273283, 0.0396501161158, 0.0138710560277, 0.0123562375084, 0.00984727591276, 0.00698768766597, 0.0119854556397, 0.00924156978726, 0.016601042822, 0.0112265720963, 0.00353415613063, 0.000129865686176, 1.79417565249e-08, 1.88324715822e-08],
        "mean": [9.61290425039e-05, 0.00218488136306, 0.0013271458447, 0.00070953508839, 0.00173539191019, 0.00173214962706, 0.00132403988391, 0.00157824647613, 0.00117693189532, 0.000860809814185, 0.000815770123154, 0.000957651995122, 0.00070914364187, 0.00061084725894, 0.000845756847411, 0.000368652399629, 0.000579827872571, 0.000351680035237, 0.000366734981071, 0.000279579457128, 0.000179481154191, 0.000134632413392, 8.23189329822e-05, 4.09577660321e-05, 9.54637698669e-07, 5.82080050826e-10, 6.11005690487e-10],
        "median": [5.24551251146e-06, 0.00117032101844, 0.000472028041258, 0.000145088110003, 0.000828783900943, 0.000441535172286, 0.000314153410727, 0.000188552949112, 0.000202552124392, 0.000229138342547, 0.000229951794608, 0.000198012130568, 0.000194463427761, 0.000166067198734, 0.000236209671129, 0.000165410951013, 0.000282955908915, 0.000191826024093, 0.000198631751118, 0.000112905254355, 8.23979935376e-05, 5.74933910684e-05, 2.90681819024e-05, 1.26040285977e-05, 2.10655329624e-07, 1.95597857355e-10, 2.03727409942e-10],
        "min": [1.23040964992e-25, 2.71700892926e-24, 6.96647453439e-25, 4.74796643406e-25, 9.24689500237e-24, 1.23593125718e-23, 4.92007971193e-24, 7.29861840347e-24, 1.50392071731e-23, 1.56791879375e-23, 2.5823091942e-23, 2.81964320402e-23, 2.21881518416e-23, 3.16763404622e-23, 4.4245295975e-23, 5.57489453224e-23, 7.23483521275e-23, 1.09703919972e-22, 1.43152707826e-22, 1.60574467415e-22, 2.59437393822e-22, 3.4267479061e-22, 4.42067452892e-22, 5.57000422571e-22, 8.4610454001e-22, 1.26389875547e-21, 1.92836096599e-21],
        "var": [1.26623689312e-07, 1.40979473144e-05, 7.37139043849e-06, 5.47690888197e-06, 7.56078225095e-06, 1.8902885131e-05, 1.07302712422e-05, 1.86571796803e-05, 9.42921360547e-06, 4.25461757914e-06, 3.52543497684e-06, 7.12846031092e-06, 3.76366119781e-06, 2.44208854383e-06, 4.9417703849e-06, 4.1081807467e-07, 7.9224662386e-07, 2.49404735087e-07, 2.66371984026e-07, 2.93198411327e-07, 1.17440606573e-07, 1.55922862177e-07, 1.16051936061e-07, 1.2869294963e-08, 1.38312443096e-11, 1.16122230349e-18, 1.29053462147e-18]
    },
    "erbbands": {
        "dmean": [0.047566190362, 0.301374167204, 1.024548769, 2.18636202812, 2.22994542122, 3.30248951912, 6.40270280838, 11.6589031219, 9.44970798492, 14.8250398636, 21.167842865, 16.500793457, 12.8127794266, 17.8016357422, 18.054813385, 26.418006897, 16.8413276672, 18.969707489, 24.397769928, 12.3852996826, 12.0212812424, 12.711722374, 10.6508169174, 9.22329711914, 8.74506282806, 6.61475610733, 5.38143634796, 3.05371332169, 2.64612603188, 1.86522889137, 1.1954189539, 0.847299098969, 0.250401973724, 0.0225889906287, 0.000707574479748, 5.42597408639e-05, 1.07590967673e-05, 3.02694843413e-06, 3.93726577386e-06, 7.84184703662e-06],
        "dmean2": [0.0801832377911, 0.526460945606, 1.74154007435, 3.69757795334, 3.72896647453, 5.13086223602, 10.0258512497, 18.8599567413, 14.3503255844, 22.6844615936, 32.2099876404, 23.7703495026, 18.1194648743, 26.8246631622, 27.5065841675, 40.4684867859, 26.0125484467, 28.8109607697, 37.6766586304, 19.3639011383, 19.0347995758, 19.6433677673, 16.4125270844, 14.2914991379, 13.4930868149, 10.2904586792, 8.1759185791, 4.62196540833, 3.763245821, 2.63311600685, 1.64280688763, 1.23860919476, 0.365001022816, 0.0315890051425, 0.000979592092335, 7.38561648177e-05, 1.45031917782e-05, 4.07111156164e-06, 5.60037278774e-06, 1.15189632197e-05],
        "dvar": [0.0238885637373, 0.758403778076, 6.76400709152, 49.5194816589, 31.9300174713, 41.2852363586, 207.893478394, 1699.00036621, 750.797058105, 1715.59387207, 5132.82568359, 2279.0246582, 1481.14208984, 1675.11242676, 2423.73754883, 5766.46630859, 2155.60791016, 2367.41870117, 4790.78857422, 1142.88989258, 539.202453613, 471.21484375, 314.988006592, 229.220245361, 265.159210205, 203.31312561, 151.385726929, 48.0829582214, 56.6311607361, 45.4265594482, 29.2036991119, 4.84843397141, 0.442686349154, 0.00450718682259, 3.92771607949e-06, 1.89342443946e-08, 5.71389491277e-10, 4.30963147113e-11, 3.32350570675e-11, 1.37881109308e-10],
        "dvar2": [0.0608254894614, 2.12074041367, 18.7170467377, 131.215591431, 83.1542053223, 92.6030883789, 505.357696533, 4401.08886719, 1426.52648926, 4155.484375, 12238.0927734, 5032.70654297, 2586.42382812, 3695.4074707, 5359.78466797, 12034.7910156, 4636.328125, 4795.09423828, 11008.5517578, 2459.53320312, 1241.68359375, 1054.45654297, 706.178161621, 558.385314941, 622.010620117, 456.22946167, 334.240966797, 102.647605896, 92.7631607056, 87.4949188232, 51.9269714355, 8.33563137054, 0.829809546471, 0.00788826774806, 6.55251233184e-06, 2.9824033021e-08, 8.75894246022e-10, 6.50656681311e-11, 6.86165430031e-11, 3.09517633745e-10],
        "max": [2.2549469471, 13.8762483597, 49.8089790344, 139.505630493, 113.985908508, 184.971633911, 516.098083496, 1473.29711914, 1484.84558105, 1252.3782959, 2702.11181641, 1691.59545898, 2177.16479492, 1296.95324707, 2950.1953125, 3141.92529297, 2252.80883789, 1848.46984863, 2397.43505859, 2037.47839355, 894.645629883, 686.103820801, 504.230651855, 366.201477051, 527.312866211, 708.726745605, 448.023010254, 313.7762146, 531.803649902, 554.643981934, 339.900634766, 114.578521729, 38.9897880554, 3.32725358009, 0.103345170617, 0.0078123905696, 0.00131108716596, 0.000342360930517, 0.000172271946212, 0.000166959347553],
        "mean": [0.0636469945312, 0.492047488689, 1.39049959183, 2.20607089996, 2.81034183502, 6.84916973114, 11.0260505676, 15.295337677, 16.5162296295, 25.6671199799, 34.6021575928, 29.4942970276, 24.9676609039, 33.6593704224, 32.288974762, 45.3013076782, 31.8119220734, 37.1109466553, 46.2908287048, 24.3421173096, 24.6461486816, 27.2631282806, 22.7049217224, 18.667974472, 17.8252315521, 12.5052471161, 9.7168302536, 5.40388393402, 5.16883563995, 3.47563934326, 2.15537261963, 1.32700777054, 0.398154467344, 0.0377058498561, 0.00122526788618, 0.000107348874735, 2.554218554e-05, 7.6994401752e-06, 1.20785252875e-05, 2.350302384e-05],
        "median": [0.0141384396702, 0.317223906517, 0.657007813454, 0.620069921017, 1.14456880093, 2.44848632812, 3.209410429, 3.72240281105, 5.04446744919, 7.21681499481, 6.3226556778, 6.30552005768, 6.96506500244, 11.4959926605, 10.9717969894, 10.3624410629, 10.5912561417, 12.9478626251, 13.3343143463, 10.8595085144, 12.8169145584, 14.1172857285, 12.3055839539, 10.7487621307, 8.86081314087, 5.33253765106, 4.02673482895, 2.70377516747, 2.18869519234, 1.36884260178, 0.728573739529, 0.407631069422, 0.123881012201, 0.0108395377174, 0.000395667128032, 4.70681843581e-05, 1.44707282743e-05, 4.5168262659e-06, 9.00851318875e-06, 1.79200069397e-05],
        "min": [4.81925035092e-23, 5.99262212997e-22, 1.98615233531e-21, 6.63012927891e-21, 2.31125895375e-20, 2.41848934923e-20, 4.29212032197e-20, 1.06260545604e-19, 8.16496023978e-20, 1.13909439492e-19, 2.25016158425e-19, 2.14540549277e-19, 5.23140193748e-19, 7.09211732506e-19, 1.23727194484e-18, 1.27218403317e-18, 1.61602016294e-18, 1.7597715389e-18, 2.48841384739e-18, 2.49217834636e-18, 3.41516281066e-18, 4.69543656683e-18, 6.92144949197e-18, 7.03836981719e-18, 6.43482410069e-18, 8.66453080086e-18, 9.23446734189e-18, 8.99052764335e-18, 1.04114626355e-17, 1.10777591004e-17, 1.22304187404e-17, 1.02137490983e-17, 9.73580662191e-18, 7.93475732288e-18, 6.58254615038e-18, 3.90205951719e-18, 2.49820435712e-18, 9.54448036661e-19, 2.62817330141e-19, 2.58263623321e-20],
        "var": [0.0206797812134, 0.587963521481, 5.92897129059, 38.8570404053, 29.5128974915, 153.438140869, 473.275665283, 2018.91271973, 1800.05651855, 3174.91137695, 9927.92871094, 5886.19287109, 4465.58691406, 5388.93505859, 5697.50585938, 15594.5244141, 6434.35986328, 7459.83789062, 13793.703125, 2755.82324219, 1460.73962402, 1577.39172363, 967.176452637, 567.812561035, 815.665710449, 595.340270996, 381.999786377, 116.388389587, 214.543045044, 132.594985962, 94.0622787476, 15.771938324, 1.31868994236, 0.0152498641983, 1.39814746944e-05, 7.17606667422e-08, 2.30003904811e-09, 1.82317883013e-10, 1.13405014546e-10, 3.81003451011e-10]
    },
    "gfcc": {
        "mean": [-50.8437805176, 134.711700439, -178.793792725, 62.0599479675, -68.6494216919, 8.80787944794, -20.3826980591, -14.8492136002, 3.89673757553, -23.5991477966, 10.7606639862, -16.1034393311, 2.44883847237],
        "cov": [[10105.4384766, 585.536804199, -1327.32434082, 334.445007324, -562.045593262, 191.138641357, -145.328933716, 39.3308792114, 94.7216033936, -150.896484375, 65.2996139526, -122.867156982, -38.5251655579], [585.536804199, 606.782043457, -35.0917129517, -25.2636795044, 96.7235565186, -62.8261451721, 77.9289779663, -32.3818435669, 59.9256248474, -49.2411231995, 27.1798686981, -3.76661062241, -6.89489459991], [-1327.32434082, -35.0917129517, 670.933349609, 237.171417236, 83.1552352905, 81.8235931396, 9.8813495636, 61.9830551147, -6.52761316299, 52.7526817322, 26.3454341888, 29.1684818268, 16.5876197815], [334.445007324, -25.2636795044, 237.171417236, 377.271514893, 31.7494297028, 90.0226211548, -30.6787128448, 31.1005115509, -15.8981895447, 29.2183513641, 16.6324634552, 0.636529147625, 33.6200294495], [-562.045593262, 96.7235565186, 83.1552352905, 31.7494297028, 320.779815674, 109.445129395, 92.9787979126, -1.68896019459, 23.0210208893, 14.7838077545, -15.9025945663, -6.93552017212, 26.4583396912], [191.138641357, -62.8261451721, 81.8235931396, 90.0226211548, 109.445129395, 255.602554321, 93.0437698364, 60.1591110229, 1.21912276745, 37.6543273926, 10.33943367, -25.4355792999, 15.3027858734], [-145.328933716, 77.9289779663, 9.8813495636, -30.6787128448, 92.9787979126, 93.0437698364, 184.935150146, 59.7242660522, 17.4328556061, 24.0764942169, 14.3948802948, -18.1334590912, -13.9633579254], [39.3308792114, -32.3818435669, 61.9830551147, 31.1005115509, -1.68896019459, 60.1591110229, 59.7242660522, 124.909164429, 57.239982605, 27.2767124176, 9.24172401428, -18.7600517273, -16.8797111511], [94.7216033936, 59.9256248474, -6.52761316299, -15.8981895447, 23.0210208893, 1.21912276745, 17.4328556061, 57.239982605, 112.064956665, 29.0801391602, -0.208186298609, -1.96233487129, -18.0449333191], [-150.896484375, -49.2411231995, 52.7526817322, 29.2183513641, 14.7838077545, 37.6543273926, 24.0764942169, 27.2767124176, 29.0801391602, 89.0841751099, 39.375743866, -10.9310474396, 4.22516870499], [65.2996139526, 27.1798686981, 26.3454341888, 16.6324634552, -15.9025945663, 10.33943367, 14.3948802948, 9.24172401428, -0.208186298609, 39.375743866, 79.1150970459, 35.5215873718, 2.14350366592], [-122.867156982, -3.76661062241, 29.1684818268, 0.636529147625, -6.93552017212, -25.4355792999, -18.1334590912, -18.7600517273, -1.96233487129, -10.9310474396, 35.5215873718, 93.2897644043, 34.4178123474], [-38.5251655579, -6.89489459991, 16.5876197815, 33.6200294495, 26.4583396912, 15.3027858734, -13.9633579254, -16.8797111511, -18.0449333191, 4.22516870499, 2.14350366592, 34.4178123474, 82.4362411499]],
        "icov": [[0.000377396907425, -0.000539815926459, 0.00099333783146, -0.000818213273305, 0.000813242979348, -0.000970482069533, 0.000498394249007, -0.000189569560462, -0.000366374588339, 0.00057277851738, -0.000462052703369, 0.000249917677138, 2.78936531686e-05], [-0.000539815926459, 0.00535623077303, -0.00222925236449, 0.00050345249474, -0.00168656522874, 0.00332247978076, -0.00451507279649, 0.00555765489116, -0.00710337422788, 0.00880646146834, -0.00874065235257, 0.00687317969278, -0.00391187518835], [0.00099333783146, -0.00222925236449, 0.00508653651923, -0.00326046231203, 0.0014367265394, -0.00267381942831, 0.00238405168056, -0.00315878982656, 0.00200858269818, -0.00216552126221, 0.00179266557097, -0.00279293232597, 0.00204634782858], [-0.000818213273305, 0.00050345249474, -0.00326046231203, 0.00597377913073, -0.00182204693556, 0.000604075670708, 0.00119220349006, -0.00119217275642, 0.00231826771051, -0.00232087844051, 0.00116635335144, -0.00037954794243, -0.000935459102038], [0.000813242979348, -0.00168656522874, 0.0014367265394, -0.00182204693556, 0.00698372814804, -0.00399475544691, -0.00138113822322, 0.00267704529688, -0.0029394084122, 0.000860587635543, 0.0011025153799, 0.000391643639887, -0.00137242837809], [-0.000970482069533, 0.00332247978076, -0.00267381942831, 0.000604075670708, -0.00399475544691, 0.00997332111001, -0.00468829181045, -5.97044599999e-05, -0.000262578862021, 0.0012376033701, -0.00291394861415, 0.00344834476709, -0.00274441647343], [0.000498394249007, -0.00451507279649, 0.00238405168056, 0.00119220349006, -0.00138113822322, -0.00468829181045, 0.0136136319488, -0.00969900377095, 0.00825936440378, -0.00800680182874, 0.00549583276734, -0.00565067632124, 0.00495749991387], [-0.000189569560462, 0.00555765489116, -0.00315878982656, -0.00119217275642, 0.00267704529688, -5.97044599999e-05, -0.00969900377095, 0.0236472710967, -0.0185394752771, 0.0135955419391, -0.01309322007, 0.0123177906498, -0.0057082567364], [-0.000366374588339, -0.00710337422788, 0.00200858269818, 0.00231826771051, -0.0029394084122, -0.000262578862021, 0.00825936440378, -0.0185394752771, 0.0304531734437, -0.0253172125667, 0.0226494260132, -0.0191476196051, 0.0118490736932], [0.00057277851738, 0.00880646146834, -0.00216552126221, -0.00232087844051, 0.000860587635543, 0.0012376033701, -0.00800680182874, 0.0135955419391, -0.0253172125667, 0.045261874795, -0.0371211841702, 0.0279102865607, -0.0152410482988], [-0.000462052703369, -0.00874065235257, 0.00179266557097, 0.00116635335144, 0.0011025153799, -0.00291394861415, 0.00549583276734, -0.01309322007, 0.0226494260132, -0.0371211841702, 0.0488041080534, -0.0320243760943, 0.0156155079603], [0.000249917677138, 0.00687317969278, -0.00279293232597, -0.00037954794243, 0.000391643639887, 0.00344834476709, -0.00565067632124, 0.0123177906498, -0.0191476196051, 0.0279102865607, -0.0320243760943, 0.0361285246909, -0.0176654141396], [2.78936531686e-05, -0.00391187518835, 0.00204634782858, -0.000935459102038, -0.00137242837809, -0.00274441647343, 0.00495749991387, -0.0057082567364, 0.0118490736932, -0.0152410482988, 0.0156155079603, -0.0176654141396, 0.0227513108402]]
    },
    "melbands": {
        "dmean": [0.000394812115701, 0.000479223905131, 0.000373974209651, 0.000180023605935, 0.000213330829865, 0.000245922943577, 0.000152883978444, 0.00017440848751, 0.000163948876434, 0.000104020036815, 6.30791691947e-05, 7.20165262464e-05, 5.93700933678e-05, 6.87408974045e-05, 5.11884791194e-05, 3.87936015613e-05, 3.83454644179e-05, 3.84440536436e-05, 2.91583965009e-05, 1.42135104397e-05, 1.64103603311e-05, 1.39126414069e-05, 1.42234857776e-05, 8.58919793245e-06, 8.11032350612e-06, 7.46152454667e-06, 5.81741142014e-06, 4.60243472844e-06, 3.97594521928e-06, 2.67720633929e-06, 1.67924986272e-06, 1.6594420913e-06, 1.25657243188e-06, 1.03237459825e-06, 7.44741328162e-07, 6.19619868303e-07, 5.1199782547e-07, 2.18619163661e-07, 5.54256232022e-08, 5.18971177144e-09],
        "dmean2": [0.000663084734697, 0.000816880550701, 0.000628643203527, 0.000288476439891, 0.000331404298777, 0.000396347633796, 0.000232211124967, 0.000265220791334, 0.000248417985858, 0.00014948246826, 8.88924041647e-05, 0.000108037806058, 9.03324907995e-05, 0.000105448882096, 7.77333625592e-05, 5.97351427132e-05, 5.82041066082e-05, 5.92306932958e-05, 4.55562549178e-05, 2.25446165132e-05, 2.61172845057e-05, 2.18581226363e-05, 2.21634363697e-05, 1.35439349833e-05, 1.27381354105e-05, 1.16172177513e-05, 9.18022124097e-06, 7.27571978132e-06, 6.16375564277e-06, 4.16335387854e-06, 2.57882948063e-06, 2.4315572773e-06, 1.79478877271e-06, 1.49618699652e-06, 1.05841195364e-06, 8.96610572454e-07, 7.71618317685e-07, 3.25998684048e-07, 7.93819410205e-08, 7.76320607798e-09],
        "dvar": [1.49502773183e-06, 1.51365861711e-06, 1.32434399802e-06, 9.62316875075e-08, 1.98827962095e-07, 6.98032408764e-07, 1.8689377157e-07, 2.38597436919e-07, 2.99725968489e-07, 9.42774391888e-08, 3.52539650805e-08, 2.8076476255e-08, 2.35461996567e-08, 3.60389620369e-08, 2.1245863735e-08, 1.16518279469e-08, 1.13120934842e-08, 1.20333822906e-08, 6.63125510059e-09, 1.11235309852e-09, 1.20392751324e-09, 6.03257332976e-10, 7.03878566544e-10, 2.19330942297e-10, 1.92004412369e-10, 2.14118833775e-10, 1.62500041201e-10, 1.12215091386e-10, 8.54539147777e-11, 4.07471417718e-11, 1.61349753003e-11, 2.65124450172e-11, 1.30183190616e-11, 1.46636938703e-11, 1.54826464149e-11, 4.16349246746e-12, 1.57252986674e-12, 3.56447401977e-13, 3.19611653495e-14, 2.56344780608e-16],
        "dvar2": [3.85782914236e-06, 4.15168597101e-06, 3.46023830389e-06, 2.38237433337e-07, 4.67844728291e-07, 1.80763015578e-06, 3.68723704014e-07, 5.70004203837e-07, 7.09597998139e-07, 2.06072371611e-07, 6.07153154419e-08, 6.09821029229e-08, 5.10928650499e-08, 7.50506359282e-08, 4.39128378105e-08, 2.47196698666e-08, 2.25761720429e-08, 2.74674007983e-08, 1.42477976084e-08, 2.56762633377e-09, 2.83738210705e-09, 1.40657463454e-09, 1.55455048834e-09, 5.31594768205e-10, 4.75581796167e-10, 5.10711750668e-10, 3.92318871834e-10, 2.61046712025e-10, 1.93971616547e-10, 9.2863938761e-11, 3.55700746635e-11, 4.88898123374e-11, 2.21789149546e-11, 2.91252647e-11, 3.0740431034e-11, 6.57994318753e-12, 3.2167035962e-12, 7.25928052479e-13, 6.00005410482e-14, 5.3805761565e-16],
        "max": [0.0182253327221, 0.0216587428004, 0.0234703030437, 0.00596501771361, 0.0135473338887, 0.0287683196366, 0.0209003183991, 0.0131209930405, 0.0210796371102, 0.0109414458275, 0.0106569435447, 0.0056980997324, 0.00814154651016, 0.011705477722, 0.00476123206317, 0.00389880733564, 0.00424459017813, 0.00356791727245, 0.00378835294396, 0.00168087577913, 0.00137912540231, 0.000663281825837, 0.000954063376412, 0.000449588929769, 0.000332693307428, 0.000418762792833, 0.000463838980068, 0.000513015838806, 0.000282360066194, 0.000353182345862, 0.000200651003979, 0.000345760723576, 0.000307204958517, 0.00028620212106, 0.000260834931396, 0.000132761022542, 5.39116699656e-05, 3.41580271197e-05, 7.95136566012e-06, 9.8703844742e-07],
        "mean": [0.000594528275542, 0.000718208553735, 0.00039463309804, 0.000330184877384, 0.000387824227801, 0.000330656563165, 0.000267570547294, 0.000294523808407, 0.000266095914412, 0.000181502720807, 0.000118971904158, 0.000131520326249, 0.000101411249489, 0.000116888812045, 8.83914544829e-05, 6.64729959681e-05, 6.91648965585e-05, 6.86433559167e-05, 5.31876285095e-05, 2.47298157774e-05, 3.08705020871e-05, 2.79134801531e-05, 2.74755566352e-05, 1.62718934007e-05, 1.47691926031e-05, 1.39234289236e-05, 1.08381218524e-05, 7.76155411586e-06, 6.70444796924e-06, 4.36593927589e-06, 2.7003472951e-06, 3.04412446894e-06, 2.37782751356e-06, 1.76536616436e-06, 1.25955364183e-06, 1.06068659989e-06, 7.10739357146e-07, 3.24770468296e-07, 9.17779559018e-08, 7.465599694e-09],
        "median": [0.000227415293921, 0.000461145740701, 0.000128286454128, 0.000138207993587, 0.000136026123073, 7.92027130956e-05, 7.76172601036e-05, 7.81839626143e-05, 4.05033570132e-05, 3.34234209731e-05, 2.89378403977e-05, 3.83891456295e-05, 3.12641896016e-05, 2.81793800241e-05, 1.96812525246e-05, 1.92409406736e-05, 1.91146136785e-05, 1.79933413165e-05, 1.56419191626e-05, 1.07061796371e-05, 1.43806546475e-05, 1.38477143992e-05, 1.27407720356e-05, 8.62758042786e-06, 8.08174900158e-06, 6.81899382471e-06, 4.3412001105e-06, 3.13286273013e-06, 2.54328483607e-06, 1.93899336409e-06, 1.27117527882e-06, 1.23460085888e-06, 9.55275936576e-07, 6.45714010261e-07, 3.94596696651e-07, 3.40893734574e-07, 1.94963860167e-07, 9.30610184469e-08, 2.51637146675e-08, 1.68279101764e-09],
        "min": [8.00902916243e-25, 8.70674458562e-25, 2.35119913915e-24, 2.36061281355e-24, 1.52864854847e-24, 2.73217280801e-24, 1.14639100848e-24, 9.37962518841e-25, 2.1574700864e-24, 1.59845711794e-24, 2.41650853906e-24, 1.94688780927e-24, 3.78659860938e-24, 3.99940093831e-24, 3.08518155499e-24, 2.02280245798e-24, 2.7751081405e-24, 3.2760734695e-24, 3.5878967747e-24, 3.32440421615e-24, 3.03525908425e-24, 4.55088334196e-24, 4.96785628379e-24, 4.96175799457e-24, 4.23964024395e-24, 4.12991324191e-24, 3.65115592512e-24, 4.66718194977e-24, 5.53281322057e-24, 4.11146494078e-24, 4.36480683163e-24, 4.20241508113e-24, 5.13894088705e-24, 6.00835356259e-24, 6.21294424393e-24, 5.45485206945e-24, 5.65764454236e-24, 5.93580084184e-24, 5.7249671153e-24, 6.45363951118e-24],
        "var": [1.2883982663e-06, 1.29443947117e-06, 1.0721836361e-06, 2.49092266813e-07, 5.0462534773e-07, 8.52947948715e-07, 4.4913932129e-07, 4.39511012473e-07, 5.93391689563e-07, 2.41116993038e-07, 1.09317284114e-07, 9.3693074632e-08, 5.66037208216e-08, 9.529399847e-08, 6.55852829823e-08, 3.02214679948e-08, 3.42632944239e-08, 3.17860866517e-08, 2.15060111941e-08, 2.21430762615e-09, 2.93195334677e-09, 1.79606429729e-09, 1.95658178548e-09, 5.72826397427e-10, 4.11517236953e-10, 5.28668220312e-10, 4.63306337739e-10, 2.75289402385e-10, 2.07762834714e-10, 7.80143935564e-11, 3.699112891e-11, 8.77290184942e-11, 4.43024263108e-11, 4.07853438522e-11, 4.08831232757e-11, 1.52016125382e-11, 3.72512220723e-12, 9.18701963462e-13, 9.86339509417e-14, 6.62406922747e-16]
    },
    "mfcc": {
        "mean": [-654.663696289, 121.534156799, -30.7862110138, 36.5125999451, -10.8090772629, 15.17877388, -10.2188510895, 12.658033371, -10.9794473648, 7.22748374939, -7.38804101944, 6.74717235565, -5.58007669449],
        "cov": [[4498.47998047, 183.054519653, -294.069122314, -13.7940893173, -187.227020264, 19.297580719, -147.139160156, 162.641937256, -87.6943664551, 152.492523193, -10.65538311, 103.919662476, -73.7707443237], [183.054519653, 688.584228516, -150.025131226, 15.5804424286, -7.98904514313, 9.08774662018, -3.34246087074, 50.5852928162, 9.53852176666, -0.0542725287378, 32.5172462463, 7.83297586441, -12.0628986359], [-294.069122314, -150.025131226, 537.036804199, 162.133178711, 96.507598877, 24.790807724, 51.6228141785, 0.594850122929, 15.0604085922, -14.508887291, 14.5551815033, 29.5090408325, 48.9657669067], [-13.7940893173, 15.5804424286, 162.133178711, 249.148864746, 94.0169067383, 30.1750545502, 14.8932743073, -5.67393302917, 11.5932788849, -16.9382705688, -21.9036312103, 7.39530611038, 26.909866333], [-187.227020264, -7.98904514313, 96.507598877, 94.0169067383, 217.65057373, 95.7272567749, 38.871635437, 14.0089101791, 49.6288108826, 9.48428821564, -9.83418369293, -8.55780982971, 19.8212604523], [19.297580719, 9.08774662018, 24.790807724, 30.1750545502, 95.7272567749, 173.41065979, 109.81690979, 25.1987342834, 40.8667678833, 34.4593544006, -12.567984581, 9.43670654297, 9.25717830658], [-147.139160156, -3.34246087074, 51.6228141785, 14.8932743073, 38.871635437, 109.81690979, 206.907730103, 31.7299861908, 44.1628990173, 43.4379310608, 4.33202171326, 23.2172546387, 15.895485878], [162.641937256, 50.5852928162, 0.594850122929, -5.67393302917, 14.0089101791, 25.1987342834, 31.7299861908, 125.266708374, 37.3004264832, 23.8486347198, 29.2045345306, 7.78851652145, 5.81974029541], [-87.6943664551, 9.53852176666, 15.0604085922, 11.5932788849, 49.6288108826, 40.8667678833, 44.1628990173, 37.3004264832, 103.570297241, 57.8006515503, 18.5391101837, -8.08027744293, -5.74992275238], [152.492523193, -0.0542725287378, -14.508887291, -16.9382705688, 9.48428821564, 34.4593544006, 43.4379310608, 23.8486347198, 57.8006515503, 149.728607178, 57.9357566833, 16.2685718536, -28.6601886749], [-10.65538311, 32.5172462463, 14.5551815033, -21.9036312103, -9.83418369293, -12.567984581, 4.33202171326, 29.2045345306, 18.5391101837, 57.9357566833, 125.44380188, 30.8219966888, -5.97099924088], [103.919662476, 7.83297586441, 29.5090408325, 7.39530611038, -8.55780982971, 9.43670654297, 23.2172546387, 7.78851652145, -8.08027744293, 16.2685718536, 30.8219966888, 104.215919495, 43.0606269836], [-73.7707443237, -12.0628986359, 48.9657669067, 26.909866333, 19.8212604523, 9.25717830658, 15.895485878, 5.81974029541, -5.74992275238, -28.6601886749, -5.97099924088, 43.0606269836, 100.205291748]],
