{
"lowlevel": {
    "average_loudness": 0.723131120205,
    "barkbands_crest": {
        "dmean": 2.96583819389,
        "dmean2": 4.93975782394,
        "dvar": 7.91538381577,
        "dvar2": 22.3188076019,
        "max": 26.5125370026,
        "mean": 12.5243854523,
        "median": 12.5558795929,
        "min": 2.50575351715,
        "var": 20.4627170563
    },
    "barkbands_flatness_db": {
        "dmean": 0.0332884080708,
        "dmean2": 0.052751917392,
        "dvar": 0.00102357903961,
        "dvar2": 0.00237528630532,
        "max": 0.694641888142,
        "mean": 0.227895319462,
        "median": 0.21886561811,
        "min": 0.0698895975947,
        "var": 0.00537217967212
    },
    "barkbands_kurtosis": {
        "dmean": 7.09604263306,
        "dmean2": 11.5810575485,
        "dvar": 184.24005127,
        "dvar2": 479.092102051,
        "max": 325.976135254,
        "mean": 12.369512558,
        "median": 4.46161031723,
        "min": -1.83203303814,
        "var": 459.270874023
    },
    "barkbands_skewness": {
        "dmean": 0.776406526566,
        "dmean2": 1.22708415985,
        "dvar": 0.778245925903,
        "dvar2": 1.90652048588,
        "max": 14.7906694412,
        "mean": 2.37193083763,
        "median": 1.96834671497,
        "min": -2.94223570824,
        "var": 3.3731675148
    },
    "barkbands_spread": {
        "dmean": 4.40055131912,
        "dmean2": 6.81150817871,
        "dvar": 27.4655590057,
        "dvar2": 60.9227981567,
        "max": 85.9176483154,
        "mean": 13.8203582764,
        "median": 12.0580453873,
        "min": 0.254384249449,
        "var": 94.5049819946
    },
    "dissonance": {
        "dmean": 0.0239564646035,
        "dmean2": 0.0405392386019,
        "dvar": 0.000556290731765,
        "dvar2": 0.0015269665746,
        "max": 0.5,
        "mean": 0.455830454826,
        "median": 0.463024377823,
        "min": 0.238856479526,
        "var": 0.00103655084968
    },
    "dynamic_complexity": 4.02725696564,
    "erbbands_crest": {
        "dmean": 2.74437308311,
        "dmean2": 4.35786247253,
        "dvar": 6.66038227081,
        "dvar2": 16.4330730438,
        "max": 31.4179134369,
        "mean": 9.73558998108,
        "median": 8.54989433289,
        "min": 2.61500263214,
        "var": 22.2875995636
    },
    "erbbands_flatness_db": {
        "dmean": 0.0199784375727,
        "dmean2": 0.0291505474597,
        "dvar": 0.000396881165216,
        "dvar2": 0.000821701716632,
        "max": 0.413389056921,
        "mean": 0.20769149065,
        "median": 0.198967456818,
        "min": 0.0928366184235,
        "var": 0.00212052185088
    },
    "erbbands_kurtosis": {
        "dmean": 1.23507595062,
        "dmean2": 1.9773080349,
        "dvar": 6.94683504105,
        "dvar2": 16.7078418732,
        "max": 83.730682373,
        "mean": 1.02047848701,
        "median": 0.0114743709564,
        "min": -1.79389619827,
        "var": 16.2086582184
    },
    "erbbands_skewness": {
        "dmean": 0.401252180338,
        "dmean2": 0.623457252979,
        "dvar": 0.185806468129,
        "dvar2": 0.434007674456,
        "max": 7.70321321487,
        "mean": 0.549864709377,
        "median": 0.427745044231,
        "min": -3.52384328842,
        "var": 0.722019731998
    },
    "erbbands_spread": {
        "dmean": 8.35266304016,
        "dmean2": 12.6693677902,
        "dvar": 85.3308486938,
        "dvar2": 181.55116272,
        "max": 143.998245239,
        "mean": 35.7253799438,
        "median": 32.8297424316,
        "min": 1.63073027134,
        "var": 302.917633057
    },
    "hfc": {
        "dmean": 6.14704561234,
        "dmean2": 10.052564621,
        "dvar": 185.713638306,
        "dvar2": 491.224182129,
        "max": 123.768600464,
        "mean": 9.78737258911,
        "median": 6.13119888306,
        "min": 1.17550213333e-16,
        "var": 172.07673645
    },
    "melbands_crest": {
        "dmean": 3.93895292282,
        "dmean2": 6.49083375931,
        "dvar": 13.9062776566,
        "dvar2": 36.0296440125,
        "max": 38.8560791016,
        "mean": 18.4642448425,
        "median": 18.2029151917,
        "min": 2.21192908287,
        "var": 45.019744873
    },
    "melbands_flatness_db": {
        "dmean": 0.0375221930444,
        "dmean2": 0.0550449825823,
        "dvar": 0.00148203433491,
        "dvar2": 0.00304263434373,
        "max": 0.76619631052,
        "mean": 0.263267248869,
        "median": 0.250919163227,
        "min": 0.00686312746257,
        "var": 0.00975435227156
    },
    "melbands_kurtosis": {
        "dmean": 16.6086730957,
        "dmean2": 27.0314311981,
        "dvar": 1795.61657715,
        "dvar2": 4549.703125,
        "max": 1886.29443359,
        "mean": 31.0439567566,
        "median": 12.1218929291,
        "min": -1.64899778366,
        "var": 4462.35058594
    },
    "melbands_skewness": {
        "dmean": 1.06006205082,
        "dmean2": 1.66847670078,
        "dvar": 1.4960205555,
        "dvar2": 3.57870960236,
        "max": 35.0095024109,
        "mean": 3.50871372223,
        "median": 2.94594502449,
        "min": -2.62434482574,
        "var": 6.44621896744
    },
    "melbands_spread": {
        "dmean": 5.09679222107,
        "dmean2": 7.94461345673,
        "dvar": 51.7407455444,
        "dvar2": 121.735725403,
        "max": 185.4140625,
        "mean": 14.9621334076,
        "median": 11.8515586853,
        "min": 0.0713532269001,
        "var": 167.830154419
    },
    "pitch_salience": {
        "dmean": 0.082831941545,
        "dmean2": 0.136337712407,
        "dvar": 0.00606784643605,
        "dvar2": 0.0160796940327,
        "max": 0.880158007145,
        "mean": 0.490116387606,
        "median": 0.494680136442,
        "min": 0.0338541083038,
        "var": 0.0170993022621
    },
    "silence_rate_20dB": {
        "dmean": 0.000525762327015,
        "dmean2": 0.00105161685497,
        "dvar": 0.000525552663021,
        "dvar2": 0.00122573948465,
        "max": 1,
        "mean": 0.999561905861,
        "median": 1,
        "min": 0,
        "var": 0.000437843671534
    },
    "silence_rate_30dB": {
        "dmean": 0.0364528559148,
        "dmean2": 0.0729121044278,
        "dvar": 0.035127479583,
        "dvar2": 0.080211609602,
        "max": 1,
        "mean": 0.949356019497,
        "median": 1,
        "min": 0,
        "var": 0.0480782277882
    },
    "silence_rate_60dB": {
        "dmean": 0.0469681024551,
        "dmean2": 0.0939444378018,
        "dvar": 0.0447580888867,
        "dvar2": 0.097736120224,
        "max": 1,
        "mean": 0.160255849361,
        "median": 0,
        "min": 0,
        "var": 0.134564235806
    },
    "spectral_centroid": {
        "dmean": 229.35357666,
        "dmean2": 351.464019775,
        "dvar": 72629.1328125,
        "dvar2": 161274.625,
        "max": 11368.5625,
        "mean": 1047.68347168,
        "median": 957.889587402,
        "min": 92.757270813,
        "var": 333062.78125
    },
    "spectral_complexity": {
        "dmean": 3.34998250008,
        "dmean2": 4.813601017,
        "dvar": 18.3819522858,
        "dvar2": 33.6947669983,
        "max": 46,
        "mean": 11.8283538818,
        "median": 11,
        "min": 0,
        "var": 59.2208404541
    },
    "spectral_decrease": {
        "dmean": 4.37163105715e-09,
        "dmean2": 7.24745063962e-09,
        "dvar": 7.90450087587e-17,
        "dvar2": 2.04978479225e-16,
        "max": 4.69858174806e-29,
        "mean": -8.04188982073e-09,
        "median": -5.30378629904e-09,
        "min": -1.15643622678e-07,
        "var": 1.26052505065e-16
    },
    "spectral_energy": {
        "dmean": 0.0169825516641,
        "dmean2": 0.028150614351,
        "dvar": 0.00118610449135,
        "dvar2": 0.00307765090838,
        "max": 0.439760774374,
        "mean": 0.0312396865338,
        "median": 0.0207263398916,
        "min": 1.04848163789e-20,
        "var": 0.00186299718916
    },
    "spectral_energyband_high": {
        "dmean": 0.000168947590282,
        "dmean2": 0.000249533652095,
        "dvar": 9.21051963587e-08,
        "dvar2": 2.02033660912e-07,
        "max": 0.00312588200904,
        "mean": 0.000220232279389,
        "median": 8.38362102513e-05,
        "min": 7.3841734736e-21,
        "var": 1.205244331e-07
    },
    "spectral_energyband_low": {
        "dmean": 0.0104286875576,
        "dmean2": 0.016945971176,
        "dvar": 0.000629492278676,
        "dvar2": 0.00159862625878,
        "max": 0.431052863598,
        "mean": 0.019756462425,
        "median": 0.00921799242496,
        "min": 5.91728099103e-23,
        "var": 0.00123319111299
    },
    "spectral_energyband_middle_high": {
        "dmean": 0.00170450098813,
        "dmean2": 0.00280174682848,
        "dvar": 1.57578415383e-05,
        "dvar2": 4.30254949606e-05,
        "max": 0.0495390854776,
        "mean": 0.00281360652298,
        "median": 0.00163666950539,
        "min": 1.56505873751e-21,
        "var": 1.60861309269e-05
    },
    "spectral_energyband_middle_low": {
        "dmean": 0.0077636889182,
        "dmean2": 0.0135600995272,
        "dvar": 0.000518720247783,
        "dvar2": 0.00142452516593,
        "max": 0.235482275486,
        "mean": 0.0088225658983,
        "median": 0.00395147223026,
        "min": 3.41425386398e-22,
        "var": 0.000362070801202
    },
    "spectral_entropy": {
        "dmean": 0.224774956703,
        "dmean2": 0.328985095024,
        "dvar": 0.0567237064242,
        "dvar2": 0.113559536636,
        "max": 9.80673694611,
        "mean": 7.27474975586,
        "median": 7.30757141113,
        "min": 4.95519399643,
        "var": 0.226989671588
    },
    "spectral_flux": {
        "dmean": 0.0371502526104,
        "dmean2": 0.0599235966802,
        "dvar": 0.0031930943951,
        "dvar2": 0.0064230109565,
        "max": 0.588810026646,
        "mean": 0.0810569524765,
        "median": 0.0545703358948,
        "min": 6.60347124204e-11,
        "var": 0.00607140967622
    },
    "spectral_kurtosis": {
        "dmean": 2.88002252579,
        "dmean2": 5.00571870804,
        "dvar": 13.3265733719,
        "dvar2": 37.214756012,
        "max": 64.3415222168,
        "mean": 4.21004581451,
        "median": 2.77707767487,
        "min": -1.22975039482,
        "var": 24.6430530548
    },
    "spectral_rms": {
        "dmean": 0.00123192043975,
        "dmean2": 0.00197091582231,
        "dvar": 3.49505808117e-06,
        "dvar2": 8.5130413936e-06,
        "max": 0.0207131579518,
        "mean": 0.00461538508534,
        "median": 0.00449675647542,
        "min": 3.19829471067e-12,
        "var": 9.17599845707e-06
    },
    "spectral_rolloff": {
        "dmean": 291.163665771,
        "dmean2": 482.835113525,
        "dvar": 316225.6875,
        "dvar2": 669657.25,
        "max": 19293.75,
        "mean": 840.270507812,
        "median": 581.396484375,
        "min": 21.533203125,
        "var": 829388.3125
    },
    "spectral_skewness": {
        "dmean": 0.330736666918,
        "dmean2": 0.542453289032,
        "dvar": 0.121804490685,
        "dvar2": 0.305495649576,
        "max": 6.57469415665,
        "mean": 1.42589330673,
        "median": 1.30896091461,
        "min": -0.16327086091,
        "var": 0.366847038269
    },
    "spectral_spread": {
        "dmean": 451640.34375,
        "dmean2": 665848.5,
        "dvar": 412952723456,
        "dvar2": 750095695872,
        "max": 41732708,
        "mean": 3558211,
        "median": 3438825.5,
        "min": 1002295.125,
        "var": 1.08372944486e+12
    },
    "spectral_strongpeak": {
        "dmean": 0.291436165571,
        "dmean2": 0.499321341515,
        "dvar": 0.276773750782,
        "dvar2": 0.70259231329,
        "max": 11.6738328934,
        "mean": 0.541653633118,
        "median": 0.343470573425,
        "min": 0,
        "var": 0.422972857952
    },
    "zerocrossingrate": {
        "dmean": 0.00748304277658,
        "dmean2": 0.00878046173602,
        "dvar": 7.24156780052e-05,
        "dvar2": 8.27029944048e-05,
        "max": 0.50830078125,
        "mean": 0.0378099866211,
        "median": 0.03271484375,
        "min": 0,
        "var": 0.00069389201235
    },
    "barkbands": {
        "dmean": [0.00176684232429, 0.00723387347534, 0.00321255414747, 0.000856976665091, 0.00066939368844, 0.00446806056425, 0.00214116810821, 0.000265853130259, 0.00034954896546, 0.000260029220954, 0.000470848492114, 0.000372104928829, 0.000548378913663, 0.000145972415339, 8.4304723714e-05, 8.03219154477e-05, 8.34426900838e-05, 6.24806489213e-05, 8.41333530843e-05, 5.03780429426e-05, 4.06033286708e-05, 4.09188432968e-05, 5.30746146978e-05, 2.2108109988e-05, 6.70618589993e-07, 1.06504993713e-09, 1.13286768855e-09],
        "dmean2": [0.00274798111059, 0.011940495111, 0.00567334424704, 0.00138492521364, 0.00110400631092, 0.00793967954814, 0.00389643292874, 0.000430117361248, 0.000563213776331, 0.000430756801507, 0.00076489278581, 0.00065443397034, 0.000947289343458, 0.000240739333094, 0.000131654029246, 0.00012611639977, 0.000127752486151, 9.90946646198e-05, 0.000134403439006, 7.76581509854e-05, 6.27072804491e-05, 6.32179362583e-05, 8.00524358056e-05, 3.51451053575e-05, 1.04239052234e-06, 1.97475813479e-09, 2.10017581104e-09],
        "dvar": [3.55396223313e-05, 0.000402504287194, 7.72466664785e-05, 3.99706595999e-06, 1.44194962104e-06, 0.00026497268118, 7.28017621441e-05, 2.85048656679e-07, 5.6658086578e-07, 2.78029403944e-07, 7.87024532656e-07, 1.27015346152e-06, 3.24081838698e-06, 1.16761647462e-07, 3.28246265724e-08, 2.2287043322e-08, 2.39163071569e-08, 1.55707873262e-08, 2.7308834305e-08, 8.21590884215e-09, 5.74571812351e-09, 6.07627903548e-09, 1.12734959146e-08, 2.29031904553e-09, 1.90131786183e-12, 5.21619680686e-18, 5.91213198034e-18],
        "dvar2": [8.15135936136e-05, 0.00107730180025, 0.000231704616453, 1.02366057035e-05, 3.64770562555e-06, 0.000724931131117, 0.000210398808122, 6.8353494953e-07, 1.3674306274e-06, 7.455706168e-07, 2.089062491e-06, 3.58490751751e-06, 8.73800672707e-06, 3.06423345364e-07, 7.17264185823e-08, 5.0919211958e-08, 5.39453886006e-08, 3.84998273262e-08, 6.70317064078e-08, 1.90022575453e-08, 1.32802364661e-08, 1.41796547837e-08, 2.44114843895e-08, 5.72459013526e-09, 4.46872183354e-12, 1.67563515241e-17, 1.89867861432e-17],
        "max": [0.157204061747, 0.366972178221, 0.137065604329, 0.0390045978129, 0.0188183225691, 0.221091374755, 0.109106980264, 0.0102802664042, 0.011178820394, 0.00835791509598, 0.0157023202628, 0.019531795755, 0.0448875278234, 0.00450014462695, 0.00463899876922, 0.00366849056445, 0.00345968687907, 0.00214568106458, 0.00371769093908, 0.0016003131168, 0.00107513170224, 0.000948406930547, 0.0011825443944, 0.000509644683916, 1.54671888595e-05, 4.06868103653e-08, 4.3402298644e-08],
        "mean": [0.00266108103096, 0.0128041347489, 0.00393904233351, 0.00142574484926, 0.00124436127953, 0.003447920084, 0.00185159046669, 0.000367280270439, 0.000449426152045, 0.000346642103978, 0.000701260287315, 0.000386748433812, 0.00058360316325, 0.000179808383109, 0.000120429591334, 0.000127152758068, 0.000129269741592, 9.14579650271e-05, 0.000126698447275, 7.05503625795e-05, 5.70771699131e-05, 4.8408339353e-05, 5.77611062909e-05, 2.16049102164e-05, 6.60316572976e-07, 8.05141175952e-10, 8.55545967404e-10],
        "median": [0.000341468636179, 0.00397737743333, 0.00124990870245, 0.000533514772542, 0.00058072549291, 0.000357595679816, 0.000280141830444, 0.000119521326269, 0.000126528117107, 0.000108316307887, 0.000296515179798, 0.000107348780148, 0.000160863084602, 5.76086713409e-05, 4.31029257015e-05, 4.46300182375e-05, 5.08803495904e-05, 3.76350508304e-05, 5.39287393622e-05, 2.65215421678e-05, 2.26962984016e-05, 1.66041354532e-05, 1.53506771312e-05, 4.84762495034e-06, 1.10012173593e-07, 1.61048327452e-10, 1.69463734712e-10],
        "min": [5.97541940866e-24, 2.06882306491e-23, 5.05961737315e-24, 8.6853885432e-24, 2.2613123833e-23, 3.49708350172e-23, 2.09979453291e-23, 1.7698506194e-23, 1.12773283091e-22, 6.18696476662e-23, 7.11941665817e-23, 7.15149616019e-23, 1.07813417968e-22, 5.16737656167e-23, 9.16740054232e-23, 7.95716737576e-23, 8.63833993218e-23, 9.96091509579e-23, 1.18663473967e-22, 2.62288829383e-22, 3.65644930801e-22, 2.65040603412e-22, 5.81145422775e-22, 7.37965669587e-22, 1.0861424684e-21, 1.4456907792e-21, 2.1743878254e-21],
        "var": [5.33341190021e-05, 0.000634721945971, 8.55428224895e-05, 5.91739126321e-06, 3.30218244926e-06, 0.00017449092411, 4.41399315605e-05, 5.10118468355e-07, 7.94005075022e-07, 3.46118440575e-07, 1.20527329273e-06, 8.98213670553e-07, 3.36906964549e-06, 1.27748577938e-07, 5.71883340683e-08, 5.24893657428e-08, 4.53841337844e-08, 2.29779040239e-08, 4.62342093499e-08, 1.23385994755e-08, 8.40899527788e-09, 7.01109481582e-09, 1.35068551899e-08, 2.03408156985e-09, 1.936693644e-12, 3.76522812744e-18, 4.27150898444e-18]
    },
    "erbbands": {
        "dmean": [0.320764154196, 1.39302742481, 3.31817007065, 3.23712015152, 1.99940097332, 2.33849930763, 15.0016489029, 42.673740387, 37.7991027832, 15.0036888123, 6.23320150375, 8.72146129608, 4.99518442154, 10.9252557755, 21.5553379059, 14.9588069916, 26.4278717041, 8.66636657715, 6.08431911469, 4.12358427048, 3.9347755909, 4.27428245544, 3.27457761765, 4.46416330338, 3.18371486664, 2.4540977478, 1.81019306183, 1.58396744728, 1.42239189148, 1.37764906883, 1.493673563, 0.804017782211, 0.240034908056, 0.0234201680869, 0.000767152523622, 5.90380404901e-05, 1.29118152472e-05, 3.147303687e-06, 8.34468937683e-06, 1.89945694729e-05],
        "dmean2": [0.526243209839, 2.33225417137, 5.82437467575, 5.45701789856, 3.28953838348, 3.89641809464, 25.4915523529, 76.4446563721, 69.2619094849, 26.3257484436, 10.0658969879, 13.8861103058, 8.28391647339, 18.0003376007, 36.0528297424, 25.9550552368, 45.6110305786, 14.8792581558, 9.50527572632, 6.45480394363, 6.06854486465, 6.51480150223, 5.12816762924, 7.01861095428, 5.05277442932, 3.82063126564, 2.79962062836, 2.45714306831, 2.19907879829, 2.10227012634, 2.27087974548, 1.24023163319, 0.377205431461, 0.0358000174165, 0.00116476183757, 8.83752218215e-05, 1.93234100152e-05, 4.73617319585e-06, 1.36377902891e-05, 3.1420160667e-05],
        "dvar": [0.967296183109, 14.3920822144, 67.4098510742, 81.0368347168, 13.7673177719, 19.9545154572, 3126.38671875, 23922.0019531, 21275.6523438, 2643.48071289, 164.235458374, 355.278686523, 94.8249740601, 401.05279541, 2117.83129883, 1874.10705566, 7900.20458984, 671.505126953, 163.375183105, 62.4763565063, 56.0812301636, 65.705329895, 41.4137535095, 87.9666137695, 37.2144470215, 21.2692909241, 11.5339756012, 8.75950527191, 7.52177715302, 6.99633455276, 9.06627368927, 2.75439476967, 0.272985965014, 0.00233798800036, 2.44047282649e-06, 1.26435777403e-08, 4.9991277784e-10, 2.91704750632e-11, 2.67203370541e-10, 1.46223411157e-09],
        "dvar2": [2.5897257328, 38.7846336365, 203.832855225, 209.866897583, 37.0729103088, 52.8240127563, 8406.09277344, 65660.1796875, 61465.6835938, 7403.58691406, 399.639770508, 833.945251465, 250.551086426, 1086.05737305, 5831.63378906, 5237.67871094, 21300.0097656, 1908.15600586, 384.792175293, 146.796859741, 129.857635498, 146.061569214, 100.04132843, 214.185836792, 94.1304626465, 51.1107749939, 26.5527534485, 20.7334003448, 17.6914253235, 15.7708415985, 19.6972484589, 6.51898097992, 0.679607570171, 0.00555137125775, 5.74373689233e-06, 2.90490831389e-08, 1.10840170375e-09, 6.45090994511e-11, 6.79005018878e-10, 3.7848426615e-09],
        "max": [16.5569324493, 63.9383354187, 122.986953735, 159.769927979, 72.3108139038, 61.7243232727, 729.251525879, 2075.84399414, 1903.80627441, 689.240905762, 263.735626221, 301.095550537, 194.55607605, 243.277191162, 602.03918457, 1012.75952148, 2185.63793945, 320.258117676, 277.563690186, 139.86517334, 135.079315186, 178.151184082, 103.7915802, 284.312683105, 85.0358734131, 96.4344024658, 46.274772644, 51.3572273254, 32.0850791931, 28.7497596741, 31.1589355469, 16.0958919525, 4.99408149719, 0.472035855055, 0.0143822338432, 0.00100993155502, 0.000199724177946, 5.19463210367e-05, 0.000198010427994, 0.00047579195234],
        "mean": [0.513400614262, 2.27055883408, 4.63424539566, 4.9299659729, 3.72642183304, 4.0994758606, 15.499669075, 31.4931335449, 31.1218109131, 14.8807172775, 8.43642425537, 11.6882648468, 7.07393074036, 15.5371341705, 29.770570755, 17.5084915161, 28.5466308594, 9.90669822693, 8.993932724, 6.67645931244, 6.22875833511, 6.87465429306, 5.18553876877, 7.20075321198, 4.81923007965, 3.42632341385, 2.51804709435, 2.1981844902, 1.69853389263, 1.53149759769, 1.63179409504, 0.831676125526, 0.230880185962, 0.0234158523381, 0.000792479957454, 7.29794555809e-05, 1.99602127395e-05, 4.47664751846e-06, 1.54846220539e-05, 3.50142618117e-05],
        "median": [0.0986204743385, 0.703239142895, 1.58566057682, 1.96115803719, 1.87419521809, 1.92687451839, 2.6355574131, 3.40859055519, 3.91987347603, 3.34496665001, 3.18999481201, 3.23784017563, 3.17220377922, 7.46271514893, 12.6499671936, 6.51603460312, 8.04677391052, 4.01424455643, 3.31407856941, 2.72841572762, 2.48130702972, 2.70742607117, 2.3658387661, 2.93653583527, 2.25155878067, 1.30092740059, 1.05392742157, 0.793832659721, 0.571397125721, 0.448880881071, 0.433430790901, 0.201889231801, 0.0462784022093, 0.00449420232326, 0.000176428511622, 2.89584313578e-05, 1.10095261334e-05, 2.27286000154e-06, 1.03558140836e-05, 2.3458562282e-05],
        "min": [1.17984450268e-21, 3.05709091709e-21, 7.91922927516e-21, 4.14438231028e-20, 5.78131652009e-20, 4.09079457752e-20, 1.666568343e-19, 1.73411681655e-19, 1.89096409011e-19, 9.92467532361e-19, 3.71808043519e-19, 2.28840633157e-18, 2.84477007952e-18, 1.69580069905e-18, 3.87261436892e-18, 3.68016459556e-18, 4.69881559963e-18, 4.16350070313e-18, 3.87261891842e-18, 6.36981266762e-18, 6.39893645622e-18, 6.42753581231e-18, 6.94130017231e-18, 7.82375133903e-18, 8.00866342906e-18, 1.25703072541e-17, 1.26144150059e-17, 1.35760207398e-17, 1.00261470169e-17, 9.02334024388e-18, 1.75511000392e-17, 1.22291779695e-17, 1.43420975205e-17, 1.08622156851e-17, 7.98084534506e-18, 5.94158953631e-18, 2.49479906134e-18, 1.19982092901e-18, 2.95429597875e-19, 3.47682299902e-20],
        "var": [1.38035976887, 19.8112773895, 77.2495651245, 112.756080627, 29.8215103149, 32.0649490356, 2554.42260742, 15475.4609375, 12803.7207031, 1806.45336914, 228.782989502, 540.102600098, 117.395042419, 482.683166504, 2344.42919922, 1504.68347168, 8232.59472656, 468.500732422, 292.536010742, 126.365898132, 106.774017334, 134.582092285, 62.840877533, 201.978881836, 50.318572998, 30.506444931, 15.9650030136, 13.7748031616, 8.64542579651, 7.93602275848, 10.7888965607, 2.81019234657, 0.245855391026, 0.00234883697703, 2.50271364166e-06, 1.43148284337e-08, 7.076302877e-10, 3.84237155981e-11, 4.14510675784e-10, 2.26084306831e-09]
    },
    "gfcc": {
        "mean": [-93.5451126099, 149.710845947, -150.448364258, 56.0674514771, -67.2970428467, 16.1985816956, -13.8622102737, -17.170873642, 3.36903715134, -23.4393787384, 18.319065094, -12.0384407043, 1.2483227253],
        "cov": [[12223.5244141, 1046.14428711, -572.676879883, 733.931152344, -44.8829917908, 310.199157715, -46.8682479858, 118.566215515, 41.7545471191, -35.9468154907, 137.928588867, -103.396728516, 13.1504964828], [1046.14428711, 1181.3807373, 670.195129395, 191.391677856, 612.776245117, 18.4469661713, 286.441070557, -6.35273981094, 99.0203704834, -32.6417694092, -43.405128479, -32.9637489319, 6.88243579865], [-572.676879883, 670.195129395, 1697.27099609, 687.757080078, 631.33795166, 285.536376953, 315.097290039, 135.196456909, 120.791435242, 19.6267147064, -0.640704214573, -77.558303833, -2.61788678169], [733.931152344, 191.391677856, 687.757080078, 651.998046875, 303.592803955, 236.738449097, 158.476959229, 142.823883057, 74.9031448364, -8.88569164276, 0.61736959219, -64.069770813, -22.7467498779], [-44.8829917908, 612.776245117, 631.33795166, 303.592803955, 667.870727539, 148.476654053, 277.324493408, 64.384765625, 100.818969727, -12.4902162552, -41.4806098938, -13.2811012268, -0.927138507366], [310.199157715, 18.4469661713, 285.536376953, 236.738449097, 148.476654053, 309.294830322, 118.131507874, 101.2289505, 44.9098014832, 23.7407913208, 22.3642978668, -36.4567337036, -20.5701217651], [-46.8682479858, 286.441070557, 315.097290039, 158.476959229, 277.324493408, 118.131507874, 244.350463867, 68.5468597412, 55.9290008545, 1.73650681973, -14.2312068939, -16.3898563385, -22.7107524872], [118.566215515, -6.35273981094, 135.196456909, 142.823883057, 64.384765625, 101.2289505, 68.5468597412, 141.601226807, 68.6075592041, 26.362739563, 6.41172122955, -24.4738349915, -10.7578048706], [41.7545471191, 99.0203704834, 120.791435242, 74.9031448364, 100.818969727, 44.9098014832, 55.9290008545, 68.6075592041, 108.8282547, 55.0251922607, 9.69930934906, -9.83050346375, -4.50692510605], [-35.9468154907, -32.6417694092, 19.6267147064, -8.88569164276, -12.4902162552, 23.7407913208, 1.73650681973, 26.362739563, 55.0251922607, 105.615089417, 44.5400505066, 0.415207982063, 1.04885101318], [137.928588867, -43.405128479, -0.640704214573, 0.61736959219, -41.4806098938, 22.3642978668, -14.2312068939, 6.41172122955, 9.69930934906, 44.5400505066, 79.5316314697, 31.279176712, 11.5020713806], [-103.396728516, -32.9637489319, -77.558303833, -64.069770813, -13.2811012268, -36.4567337036, -16.3898563385, -24.4738349915, -9.83050346375, 0.415207982063, 31.279176712, 93.2474441528, 46.8375358582], [13.1504964828, 6.88243579865, -2.61788678169, -22.7467498779, -0.927138507366, -20.5701217651, -22.7107524872, -10.7578048706, -4.50692510605, 1.04885101318, 11.5020713806, 46.8375358582, 76.6343994141]],
        "icov": [[0.00020900182426, -0.00062184187118, 0.000431081251008, -0.000619474623818, 0.000348561588908, -0.000352015340468, 0.000348267756635, -0.000148703853483, 0.000247304415097, -8.85673216544e-05, -0.000333668664098, 9.13048934308e-05, -0.000147068160004], [-0.00062184187118, 0.00415568519384, -0.00163034931757, 0.00226503750309, -0.00257339351811, 0.00207960070111, -0.00240990635939, 0.00200314749964, -0.00257575628348, 0.00191668688785, -0.0005696900771, 0.00182207720354, -0.000761631294154], [0.000431081251008, -0.00163034931757, 0.00230820896104, -0.0023969237227, 0.000258196261711, -0.000843825808261, 0.000427672173828, -0.000103340549686, 0.000877947313711, -0.000772350584157, -0.00101362273563, 0.000858641869854, -0.000981751247309], [-0.000619474623818, 0.00226503750309, -0.0023969237227, 0.00564421899617, -0.00184721744154, 0.000103731588752, -0.000557858147658, -0.00131849374156, -0.00128768896684, 0.00232812925242, -0.000379004661227, 0.00109634513501, 0.000430638232501], [0.000348561588908, -0.00257339351811, 0.000258196261711, -0.00184721744154, 0.00581848016009, -0.00162172247656, -0.00180536648259, 0.000799416913651, -0.00140657019801, -0.000255120947259, 0.0023745240178, -0.00235894881189, -0.000149761399371], [-0.000352015340468, 0.00207960070111, -0.000843825808261, 0.000103731588752, -0.00162172247656, 0.00677351932973, -0.00260757678188, -0.0015208175173, 0.000438893592218, 0.000147966347868, -0.00233750464395, 0.0022655443754, -0.000322161649819], [0.000348267756635, -0.00240990635939, 0.000427672173828, -0.000557858147658, -0.00180536648259, -0.00260757678188, 0.0109902536497, -0.00382734229788, 0.00180115061812, -0.00104100944009, 0.00111828197259, -0.00289436476305, 0.00372494966723], [-0.000148703853483, 0.00200314749964, -0.000103340549686, -0.00131849374156, 0.000799416913651, -0.0015208175173, -0.00382734229788, 0.0160493142903, -0.0100570032373, 0.00255607999861, -0.000799066736363, 0.00285019073635, -0.00207757530734], [0.000247304415097, -0.00257575628348, 0.000877947313711, -0.00128768896684, -0.00140657019801, 0.000438893592218, 0.00180115061812, -0.0100570032373, 0.0237900409847, -0.0125897312537, 0.00336908223107, -0.00255627511069, 0.00168754544575], [-8.85673216544e-05, 0.00191668688785, -0.000772350584157, 0.00232812925242, -0.000255120947259, 0.000147966347868, -0.00104100944009, 0.00255607999861, -0.0125897312537, 0.0211223289371, -0.011568129994, 0.00555758457631, -0.00209526973777], [-0.000333668664098, -0.0005696900771, -0.00101362273563, -0.000379004661227, 0.0023745240178, -0.00233750464395, 0.00111828197259, -0.000799066736363, 0.00336908223107, -0.011568129994, 0.0253234412521, -0.0121376467869, 0.00355579936877], [9.13048934308e-05, 0.00182207720354, 0.000858641869854, 0.00109634513501, -0.00235894881189, 0.0022655443754, -0.00289436476305, 0.00285019073635, -0.00255627511069, 0.00555758457631, -0.0121376467869, 0.0238852053881, -0.0127054816112], [-0.000147068160004, -0.000761631294154, -0.000981751247309, 0.000430638232501, -0.000149761399371, -0.000322161649819, 0.00372494966723, -0.00207757530734, 0.00168754544575, -0.00209526973777, 0.00355579936877, -0.0127054816112, 0.0213204454631]]
    },
    "melbands": {
        "dmean": [0.0023270198144, 0.00168861937709, 0.000525594281498, 0.000129472420667, 0.000439701980213, 0.000938738114201, 0.000542603374925, 0.000129565756652, 5.34730534127e-05, 5.04801610077e-05, 2.54576643783e-05, 4.34458888776e-05, 7.17445582268e-05, 4.83976327814e-05, 4.91415266879e-05, 4.98231202073e-05, 1.32800914798e-05, 1.12720244942e-05, 5.14847033628e-06, 6.54829136693e-06, 4.63120704808e-06, 4.8086908464e-06, 3.67504003407e-06, 3.25250903188e-06, 3.87371937904e-06, 3.15878378387e-06, 1.73736736997e-06, 1.67682753727e-06, 1.25354915781e-06, 9.99711687655e-07, 9.36269486829e-07, 8.31649003885e-07, 7.91013178514e-07, 7.67906897181e-07, 7.89000921486e-07, 9.1580869821e-07, 3.70043295561e-07, 2.0461388317e-07, 5.27436334608e-08, 5.76473402347e-09],
        "dmean2": [0.00380420358852, 0.00288771116175, 0.000884436885826, 0.000215785083128, 0.000744115444832, 0.00168114609551, 0.000994709436782, 0.000224827890634, 8.55970210978e-05, 8.09744087746e-05, 4.23839883297e-05, 7.16610084055e-05, 0.000117550502182, 8.57931445353e-05, 8.28407282825e-05, 8.76280246302e-05, 2.24369614443e-05, 1.76594840013e-05, 8.10510391602e-06, 1.0273432963e-05, 7.20281013855e-06, 7.35310413802e-06, 5.84872259424e-06, 5.15383862876e-06, 6.14916052655e-06, 5.19546574651e-06, 2.69366501016e-06, 2.6612392503e-06, 1.95143070414e-06, 1.57735701123e-06, 1.46939544265e-06, 1.3016150433e-06, 1.2186129652e-06, 1.1915298046e-06, 1.22156495763e-06, 1.38812049499e-06, 5.91572927533e-07, 3.25761646991e-07, 8.13559850599e-08, 8.9558955807e-09],
        "dvar": [4.55950830656e-05, 1.54967128765e-05, 1.84533575975e-06, 5.28691295187e-08, 2.6374175377e-06, 1.12847874334e-05, 4.53298798675e-06, 1.75673150693e-07, 1.15332845496e-08, 1.18817577999e-08, 2.53498777525e-09, 6.58499166306e-09, 1.94465314962e-08, 2.12431139346e-08, 1.86682616032e-08, 3.16804928957e-08, 1.19431131651e-09, 5.85080817128e-10, 1.05104001891e-10, 1.82812320837e-10, 9.71114855197e-11, 8.98615973299e-11, 6.23941662226e-11, 3.91837465252e-11, 7.29364901808e-11, 4.33003008449e-11, 1.00815996176e-11, 9.9172250273e-12, 5.2228525324e-12, 4.44666612559e-12, 3.14777869569e-12, 2.67936085645e-12, 2.36186417646e-12, 2.31709595087e-12, 2.46548311281e-12, 4.05693924635e-12, 6.73072871309e-13, 2.12563406004e-13, 1.2324213339e-14, 1.5033487502e-16],
        "dvar2": [0.000119780117529, 4.42033961008e-05, 4.82961559101e-06, 1.40363482615e-07, 7.06898708813e-06, 3.09582537739e-05, 1.30899861688e-05, 4.87263548621e-07, 2.77784639735e-08, 2.86692394269e-08, 6.68408217663e-09, 1.78181558397e-08, 5.21774978779e-08, 6.0408225977e-08, 4.74918095961e-08, 8.92599132385e-08, 3.31401017739e-09, 1.41298817091e-09, 2.42032116571e-10, 4.02185562631e-10, 2.25267957066e-10, 1.93535729109e-10, 1.51910234392e-10, 9.84816950211e-11, 1.76475722924e-10, 1.15366612097e-10, 2.33285023243e-11, 2.43867061961e-11, 1.19196527648e-11, 1.07231168389e-11, 7.61876065708e-12, 6.47063522555e-12, 5.45311712452e-12, 5.3084598349e-12, 5.69002440651e-12, 8.76312477444e-12, 1.70450968878e-12, 5.39099797789e-13, 2.97086438566e-14, 3.61184483709e-16],
        "max": [0.122481770813, 0.0590202845633, 0.0233042724431, 0.00355145870708, 0.0213881470263, 0.0443907119334, 0.0277210045606, 0.00590828340501, 0.00195141381118, 0.00162083213218, 0.00109012564644, 0.00100815505721, 0.00235023209825, 0.00202362518758, 0.00429908325896, 0.00270290253684, 0.000418570969487, 0.000447189377155, 0.000164393510204, 0.000380506069632, 0.000145205471199, 0.000207668257644, 0.000235631858231, 0.000151404790813, 0.000267817202257, 9.85152437352e-05, 5.15083338541e-05, 5.64505680813e-05, 4.42021228082e-05, 4.08437626902e-05, 3.97280236939e-05, 2.16359658225e-05, 1.80630413524e-05, 1.79423277586e-05, 1.48204180732e-05, 2.47286243393e-05, 9.85012593446e-06, 4.65303992314e-06, 1.11923247914e-06, 1.48715258774e-07],
        "mean": [0.00408510304987, 0.00269743357785, 0.00085689505795, 0.000247709162068, 0.000475222070236, 0.000700627802871, 0.000445405428763, 0.000134635716677, 7.15345013305e-05, 6.68302527629e-05, 3.48645517079e-05, 6.03971166129e-05, 0.000105375162093, 4.93620464113e-05, 6.02744548814e-05, 4.90842357976e-05, 1.53386772581e-05, 1.60191302712e-05, 7.47394869904e-06, 1.03802494777e-05, 6.46435546514e-06, 7.42838483347e-06, 5.33612001163e-06, 4.82438372273e-06, 6.01114697929e-06, 4.36552954852e-06, 2.50890911957e-06, 2.17180581785e-06, 1.72179557012e-06, 1.24619225517e-06, 1.2827114233e-06, 9.64991613728e-07, 8.85977101461e-07, 8.19863430479e-07, 8.49266086789e-07, 9.7111865216e-07, 3.59927412319e-07, 1.91488339851e-07, 5.21728011904e-08, 5.57247137323e-09],
        "median": [0.0011102190474, 0.000989431864582, 0.000374422466848, 0.000136202666909, 0.000100161028968, 7.67544770497e-05, 5.68244940951e-05, 3.22576161125e-05, 2.45700884989e-05, 1.77514302777e-05, 1.3863795175e-05, 2.67802515737e-05, 4.46129743068e-05, 1.49476181832e-05, 1.66789250216e-05, 1.27331368276e-05, 5.38632957614e-06, 5.38767244507e-06, 2.76282389677e-06, 3.49225911123e-06, 2.2703727609e-06, 2.73347768598e-06, 1.92138804778e-06, 2.02416345019e-06, 2.20320998778e-06, 1.88413230262e-06, 1.03207673874e-06, 7.47561102798e-07, 7.02263832864e-07, 4.3125228899e-07, 4.3720703502e-07, 3.30916464009e-07, 2.50084667641e-07, 2.27400775543e-07, 2.36731409586e-07, 2.17811717107e-07, 8.06138586995e-08, 3.56852716266e-08, 9.26487864206e-09, 9.07478370227e-10],
        "min": [9.04153399836e-24, 4.06364340385e-24, 7.32932008104e-24, 4.03480343801e-24, 4.85298196435e-24, 4.54594112839e-24, 3.24565361249e-24, 8.6338514714e-24, 2.79049171701e-24, 1.69388583858e-23, 1.45263718541e-23, 6.43364938141e-24, 1.05040931607e-23, 8.29539385546e-24, 1.10161482963e-23, 6.3081313562e-24, 6.2163347681e-24, 5.55129978145e-24, 7.5824884225e-24, 8.91072902736e-24, 5.03076991314e-24, 5.82440579342e-24, 7.10665935738e-24, 3.58948751271e-24, 5.40288151859e-24, 4.97896186762e-24, 9.47571594084e-24, 7.7835556566e-24, 6.5963026393e-24, 7.02374849852e-24, 8.93723475377e-24, 5.99795519257e-24, 3.58665668535e-24, 5.17062942961e-24, 1.02167963299e-23, 8.59398401897e-24, 6.68693407984e-24, 9.186882409e-24, 9.51234748584e-24, 9.77848548943e-24],
        "var": [7.45901998016e-05, 2.14858337131e-05, 2.67416021416e-06, 1.03648957861e-07, 2.15255977309e-06, 7.31696036382e-06, 2.71111480288e-06, 1.29011539229e-07, 1.67252292016e-08, 1.72286167555e-08, 3.25868221296e-09, 7.96964361172e-09, 2.77945346738e-08, 1.40688189987e-08, 2.71978368716e-08, 2.44060220922e-08, 9.66849711403e-10, 1.00922203927e-09, 1.69401839778e-10, 4.43040826248e-10, 1.44740580632e-10, 1.87798818163e-10, 9.96110069429e-11, 6.25801077625e-11, 1.72154859812e-10, 4.98774910263e-11, 1.53961687149e-11, 1.31539163242e-11, 8.17318348417e-12, 5.53688171701e-12, 5.44130062188e-12, 2.91217050474e-12, 2.6989309225e-12, 2.51961927884e-12, 2.66291589474e-12, 4.84777105611e-12, 5.79814733552e-13, 1.82689773682e-13, 1.21225000659e-14, 1.47225681768e-16]
    },
    "mfcc": {
        "mean": [-705.760620117, 140.22064209, -5.99893712997, 28.9663238525, -9.57436180115, 20.0805473328, -1.69290292263, 15.4829387665, -15.0614900589, 5.92173671722, -5.52771043777, 9.05359554291, 0.000958143791649],
        "cov": [[8052.88330078, 535.597412109, -248.738220215, 447.242980957, 9.56418800354, 274.037567139, -98.4554214478, 234.677658081, -133.774078369, 205.161087036, -109.548225403, 246.81401062, 28.4612751007], [535.597412109, 1277.58654785, 183.82611084, 357.367248535, 289.833343506, 210.46685791, 178.58996582, 121.071426392, 153.869659424, 53.3360481262, 30.7880191803, 11.623506546, 25.3687973022], [-248.738220215, 183.82611084, 999.169616699, 443.110321045, 333.725402832, 267.5753479, 230.447952271, 159.66255188, 121.791862488, 198.253158569, 78.90184021, 31.0366287231, 8.93200302124], [447.242980957, 357.367248535, 443.110321045, 575.444641113, 318.702575684, 235.342758179, 182.307769775, 194.635925293, 141.26675415, 139.941360474, 42.3334312439, 43.241317749, 18.653717041], [9.56418800354, 289.833343506, 333.725402832, 318.702575684, 368.585388184, 216.09967041, 168.756958008, 146.992248535, 141.895431519, 104.267982483, 43.6145401001, 33.549243927, 22.6564102173], [274.037567139, 210.46685791, 267.5753479, 235.342758179, 216.09967041, 275.54397583, 173.704177856, 138.327056885, 93.3271331787, 99.5588302612, 57.949344635, 46.7068061829, 8.33076000214], [-98.4554214478, 178.58996582, 230.447952271, 182.307769775, 168.756958008, 173.704177856, 206.048980713, 130.801681519, 93.1076049805, 72.8570785522, 51.4917678833, 23.3915252686, 6.80501890182], [234.677658081, 121.071426392, 159.66255188, 194.635925293, 146.992248535, 138.327056885, 130.801681519, 192.534088135, 96.8910140991, 63.8930282593, 27.7775592804, 41.8818855286, 4.42921495438], [-133.774078369, 153.869659424, 121.791862488, 141.26675415, 141.895431519, 93.3271331787, 93.1076049805, 96.8910140991, 158.926269531, 76.5844650269, 42.1042289734, 22.7621669769, 15.3872776031], [205.161087036, 53.3360481262, 198.253158569, 139.941360474, 104.267982483, 99.5588302612, 72.8570785522, 63.8930282593, 76.5844650269, 176.259460449, 64.4139099121, 33.0732269287, 23.98645401], [-109.548225403, 30.7880191803, 78.90184021, 42.3334312439, 43.6145401001, 57.949344635, 51.4917678833, 27.7775592804, 42.1042289734, 64.4139099121, 103.021438599, 43.8754920959, 14.0112342834], [246.81401062, 11.623506546, 31.0366287231, 43.241317749, 33.549243927, 46.7068061829, 23.3915252686, 41.8818855286, 22.7621669769, 33.0732269287, 43.8754920959, 100.391342163, 30.6484375], [28.4612751007, 25.3687973022, 8.93200302124, 18.653717041, 22.6564102173, 8.33076000214, 6.80501890182, 4.42921495438, 15.3872776031, 23.98645401, 14.0112342834, 30.6484375, 70.0886611938]],
