{
"lowlevel": {
    "average_loudness": 0.921479105949,
    "barkbands_crest": {
        "dmean": 2.64089274406,
        "dmean2": 4.21654272079,
        "dvar": 6.71579694748,
        "dvar2": 16.2017192841,
        "max": 25.932510376,
        "mean": 11.9637079239,
        "median": 10.8252258301,
        "min": 3.21013069153,
        "var": 25.6709842682
    },
    "barkbands_flatness_db": {
        "dmean": 0.0277129374444,
        "dmean2": 0.0443213321269,
        "dvar": 0.000644194020424,
        "dvar2": 0.00153781054541,
        "max": 0.538661718369,
        "mean": 0.238990917802,
        "median": 0.230051502585,
        "min": 0.0589917078614,
        "var": 0.00365812750533
    },
    "barkbands_kurtosis": {
        "dmean": 4.17779970169,
        "dmean2": 6.61241722107,
        "dvar": 58.3503303528,
        "dvar2": 143.231201172,
        "max": 403.162139893,
        "mean": 8.40241146088,
        "median": 4.08001804352,
        "min": -1.90513014793,
        "var": 346.497131348
    },
    "barkbands_skewness": {
        "dmean": 0.5861312747,
        "dmean2": 0.903592288494,
        "dvar": 0.440498173237,
        "dvar2": 1.03948366642,
        "max": 15.8012723923,
        "mean": 2.00452756882,
        "median": 1.75345444679,
        "min": -2.13197731972,
        "var": 1.95113027096
    },
    "barkbands_spread": {
        "dmean": 3.10644340515,
        "dmean2": 4.7232427597,
        "dvar": 17.8494777679,
        "dvar2": 38.3979454041,
        "max": 93.1294326782,
        "mean": 11.5594844818,
        "median": 10.3209943771,
        "min": 0.259400516748,
        "var": 59.4700088501
    },
    "dissonance": {
        "dmean": 0.0248823668808,
        "dmean2": 0.0414689406753,
        "dvar": 0.000490417703986,
        "dvar2": 0.00131471303757,
        "max": 0.500000059605,
        "mean": 0.441581994295,
        "median": 0.447940170765,
        "min": 0.204581052065,
        "var": 0.00140273629222
    },
    "dynamic_complexity": 3.19002723694,
    "erbbands_crest": {
        "dmean": 2.65251398087,
        "dmean2": 4.26447105408,
        "dvar": 6.08952569962,
        "dvar2": 14.7901525497,
        "max": 33.8683586121,
        "mean": 10.4860563278,
        "median": 9.46420288086,
        "min": 2.68066167831,
        "var": 20.8719711304
    },
    "erbbands_flatness_db": {
        "dmean": 0.0158016588539,
        "dmean2": 0.0232059657574,
        "dvar": 0.000223171984544,
        "dvar2": 0.000448535633041,
        "max": 0.500146627426,
        "mean": 0.230892583728,
        "median": 0.222350612283,
        "min": 0.084043033421,
        "var": 0.00293134571984
    },
    "erbbands_kurtosis": {
        "dmean": 1.07161211967,
        "dmean2": 1.64999568462,
        "dvar": 2.26138782501,
        "dvar2": 4.83134031296,
        "max": 78.895942688,
        "mean": 1.25291287899,
        "median": 0.519098043442,
        "min": -1.85796511173,
        "var": 9.83163166046
    },
    "erbbands_skewness": {
        "dmean": 0.353405624628,
        "dmean2": 0.537424921989,
        "dvar": 0.113236911595,
        "dvar2": 0.243396371603,
        "max": 5.8940205574,
        "mean": 0.72688472271,
        "median": 0.695067942142,
        "min": -3.73095440865,
        "var": 0.614723086357
    },
    "erbbands_spread": {
        "dmean": 5.98323488235,
        "dmean2": 9.1964635849,
        "dvar": 47.2004051208,
        "dvar2": 109.121376038,
        "max": 168.444351196,
        "mean": 29.6084899902,
        "median": 27.7396678925,
        "min": 0.692962706089,
        "var": 205.339248657
    },
    "hfc": {
        "dmean": 5.50897026062,
        "dmean2": 8.06764698029,
        "dvar": 82.1278533936,
        "dvar2": 187.565032959,
        "max": 141.696914673,
        "mean": 15.4964084625,
        "median": 11.751288414,
        "min": 1.08297410706e-16,
        "var": 189.435592651
    },
    "melbands_crest": {
        "dmean": 3.05963635445,
        "dmean2": 4.82128429413,
        "dvar": 8.41632175446,
        "dvar2": 19.4833717346,
        "max": 34.1577148438,
        "mean": 15.578119278,
        "median": 14.9785814285,
        "min": 1.49358797073,
        "var": 31.1258411407
    },
    "melbands_flatness_db": {
        "dmean": 0.0302695706487,
        "dmean2": 0.0450940094888,
        "dvar": 0.000991786713712,
        "dvar2": 0.0020963838324,
        "max": 0.622514307499,
        "mean": 0.278871178627,
        "median": 0.270987093449,
        "min": 0.00358838797547,
        "var": 0.00633889110759
    },
    "melbands_kurtosis": {
        "dmean": 7.7120051384,
        "dmean2": 12.238817215,
        "dvar": 190.147384644,
        "dvar2": 462.959075928,
        "max": 506.494903564,
        "mean": 16.04322052,
        "median": 8.90804100037,
        "min": -1.74791705608,
        "var": 646.325561523
    },
    "melbands_skewness": {
        "dmean": 0.733405053616,
        "dmean2": 1.1312277317,
        "dvar": 0.696691215038,
        "dvar2": 1.6275178194,
        "max": 17.7620258331,
        "mean": 2.69870519638,
        "median": 2.38710975647,
        "min": -0.973958432674,
        "var": 2.74844408035
    },
    "melbands_spread": {
        "dmean": 3.84797668457,
        "dmean2": 5.94896888733,
        "dvar": 36.2113304138,
        "dvar2": 76.9814529419,
        "max": 193.218795776,
        "mean": 13.0189085007,
        "median": 10.5333805084,
        "min": 0.365624070168,
        "var": 184.645614624
    },
    "pitch_salience": {
        "dmean": 0.0755868405104,
        "dmean2": 0.119417518377,
        "dvar": 0.00530315656215,
        "dvar2": 0.012747422792,
        "max": 0.983996033669,
        "mean": 0.497432947159,
        "median": 0.510441064835,
        "min": 0.0828246697783,
        "var": 0.0192416831851
    },
    "silence_rate_20dB": {
        "dmean": 0,
        "dmean2": 0,
        "dvar": 0,
        "dvar2": 0,
        "max": 1,
        "mean": 1,
        "median": 1,
        "min": 1,
        "var": 0
    },
    "silence_rate_30dB": {
        "dmean": 0.0519992485642,
        "dmean2": 0.104008257389,
        "dvar": 0.049300044775,
        "dvar2": 0.104075796902,
        "max": 1,
        "mean": 0.937587976456,
        "median": 1,
        "min": 0,
        "var": 0.0585226155818
    },
    "silence_rate_60dB": {
        "dmean": 0.0112633751705,
        "dmean2": 0.0225288644433,
        "dvar": 0.011139055714,
        "dvar2": 0.0252110026777,
        "max": 1,
        "mean": 0.0736743286252,
        "median": 0,
        "min": 0,
        "var": 0.0682509317994
    },
    "spectral_centroid": {
        "dmean": 150.115478516,
        "dmean2": 227.984375,
        "dvar": 52248.3632812,
        "dvar2": 105843.515625,
        "max": 11573.8417969,
        "mean": 846.879394531,
        "median": 717.289367676,
        "min": 118.181098938,
        "var": 748428.8125
    },
    "spectral_complexity": {
        "dmean": 2.8896188736,
        "dmean2": 4.40833568573,
        "dvar": 11.0875101089,
        "dvar2": 23.650177002,
        "max": 52,
        "mean": 14.9751291275,
        "median": 14,
        "min": 0,
        "var": 45.7930259705
    },
    "spectral_decrease": {
        "dmean": 4.39104086425e-09,
        "dmean2": 6.85520262778e-09,
        "dvar": 8.59850871852e-17,
        "dvar2": 2.2535036276e-16,
        "max": 1.53366182962e-28,
        "mean": -1.04279234137e-08,
        "median": -7.89672860435e-09,
        "min": -9.99500215926e-08,
        "var": 1.16602515814e-16
    },
    "spectral_energy": {
        "dmean": 0.016948280856,
        "dmean2": 0.0264241024852,
        "dvar": 0.00125304888934,
        "dvar2": 0.00327686895616,
        "max": 0.381972938776,
        "mean": 0.0407629907131,
        "median": 0.0311513710767,
        "min": 9.71576459143e-21,
        "var": 0.00172209949233
    },
    "spectral_energyband_high": {
        "dmean": 0.00014697930601,
        "dmean2": 0.000211190839764,
        "dvar": 2.06645495382e-07,
        "dvar2": 4.18609289454e-07,
        "max": 0.0212815273553,
        "mean": 0.000266431510681,
        "median": 9.79525793809e-05,
        "min": 7.14715149298e-21,
        "var": 4.36062919107e-07
    },
    "spectral_energyband_low": {
        "dmean": 0.0129219843075,
        "dmean2": 0.0208507068455,
        "dvar": 0.00115934980568,
        "dvar2": 0.00309462938458,
        "max": 0.348165631294,
        "mean": 0.0200734883547,
        "median": 0.00597805995494,
        "min": 1.49699230976e-23,
        "var": 0.00129416771233
    },
    "spectral_energyband_middle_high": {
        "dmean": 0.00186025782023,
        "dmean2": 0.00291616260074,
        "dvar": 1.62117157743e-05,
        "dvar2": 4.32281958638e-05,
        "max": 0.0673318728805,
        "mean": 0.00374995544553,
        "median": 0.0023237131536,
        "min": 1.21945617485e-21,
        "var": 2.05474225368e-05
    },
    "spectral_energyband_middle_low": {
        "dmean": 0.00599542958662,
        "dmean2": 0.00921386107802,
        "dvar": 6.75369665259e-05,
        "dvar2": 0.000153554865392,
        "max": 0.145453423262,
        "mean": 0.0174481403083,
        "median": 0.0138555709273,
        "min": 1.9256511215e-22,
        "var": 0.000212627623114
    },
    "spectral_entropy": {
        "dmean": 0.192992195487,
        "dmean2": 0.284725219011,
        "dvar": 0.0414597839117,
        "dvar2": 0.0851205438375,
        "max": 9.82141685486,
        "mean": 7.02854156494,
        "median": 7.06639432907,
        "min": 4.84722042084,
        "var": 0.288570970297
    },
    "spectral_flux": {
        "dmean": 0.0344785861671,
        "dmean2": 0.0524392090738,
        "dvar": 0.00269090058282,
        "dvar2": 0.00582738406956,
        "max": 0.578969299793,
        "mean": 0.087861739099,
        "median": 0.0717601329088,
        "min": 6.33528576821e-11,
        "var": 0.00485491473228
    },
    "spectral_kurtosis": {
        "dmean": 4.3237528801,
        "dmean2": 7.52666521072,
        "dvar": 54.9868011475,
        "dvar2": 164.822463989,
        "max": 192.893844604,
        "mean": 8.31956577301,
        "median": 4.54326438904,
        "min": -1.53278255463,
        "var": 209.799835205
    },
    "spectral_rms": {
        "dmean": 0.00110424018931,
        "dmean2": 0.00163999025244,
        "dvar": 2.65579114966e-06,
        "dvar2": 6.2815192905e-06,
        "max": 0.0193043146282,
        "mean": 0.00564122246578,
        "median": 0.00551285594702,
        "min": 3.07876510744e-12,
        "var": 7.94538118498e-06
    },
    "spectral_rolloff": {
        "dmean": 225.745895386,
        "dmean2": 379.992431641,
        "dvar": 241977.359375,
        "dvar2": 536207.9375,
        "max": 19573.6816406,
        "mean": 839.858947754,
        "median": 602.9296875,
        "min": 86.1328125,
        "var": 2243875.5
    },
    "spectral_skewness": {
        "dmean": 0.405545443296,
        "dmean2": 0.681722581387,
        "dvar": 0.242956891656,
        "dvar2": 0.702527582645,
        "max": 10.075340271,
        "mean": 1.86065709591,
        "median": 1.63553822041,
        "min": -0.437614709139,
        "var": 1.01089334488
    },
    "spectral_spread": {
        "dmean": 362327.6875,
        "dmean2": 545478.5,
        "dvar": 360571633664,
        "dvar2": 715693293568,
        "max": 42762164,
        "mean": 3311002.75,
        "median": 3075502,
        "min": 360816.625,
        "var": 8.73585442816e+12
    },
    "spectral_strongpeak": {
        "dmean": 0.380584359169,
        "dmean2": 0.631164252758,
        "dvar": 0.291903734207,
        "dvar2": 0.716197371483,
        "max": 8.92471313477,
        "mean": 0.861815333366,
        "median": 0.643004000187,
        "min": 0,
        "var": 0.561066567898
    },
    "zerocrossingrate": {
        "dmean": 0.00553842214867,
        "dmean2": 0.00670411577448,
        "dvar": 5.17622211191e-05,
        "dvar2": 5.91081952734e-05,
        "max": 0.51904296875,
        "mean": 0.0341605320573,
        "median": 0.02978515625,
        "min": 0.0029296875,
        "var": 0.00163886952214
    },
    "barkbands": {
        "dmean": [0.00040572709986, 0.0101140597835, 0.00311159342527, 0.000906049797777, 0.0023368394468, 0.00213124696165, 0.00128046656027, 0.00125601945911, 0.00107189139817, 0.000441280601081, 0.000511699239723, 0.000580400810577, 0.000217095483094, 0.000195877626538, 0.000266527815256, 0.000133091147291, 0.000161987234605, 0.000107574152935, 8.80848092493e-05, 5.19291279488e-05, 3.52824135916e-05, 4.02848163503e-05, 5.27048177901e-05, 1.8512353563e-05, 3.92119630988e-07, 1.36560507347e-09, 1.45254019923e-09],
        "dmean2": [0.000598629936576, 0.0164210349321, 0.00524307973683, 0.00149017036892, 0.0036488880869, 0.00335226231255, 0.00208404450677, 0.00189200171735, 0.00165665056556, 0.000661592173856, 0.000842360372189, 0.00102149217855, 0.000371508096578, 0.00031329318881, 0.00040409489884, 0.000201724906219, 0.000245784001891, 0.000165342891705, 0.000134922505822, 8.45218237373e-05, 5.51728371647e-05, 6.04089145781e-05, 7.58308524382e-05, 2.64530899585e-05, 5.84905933465e-07, 2.51637155557e-09, 2.67653588182e-09],
        "dvar": [2.6552484087e-06, 0.000693539797794, 7.89587938925e-05, 3.45645707966e-06, 1.26195518533e-05, 1.34601559694e-05, 7.56295548854e-06, 7.65718414186e-06, 6.94403433954e-06, 7.4252415061e-07, 1.23099039229e-06, 4.51591358797e-06, 3.38711487302e-07, 1.92897658735e-07, 3.9214262415e-07, 1.02996672524e-07, 1.21566600342e-07, 6.31290433262e-08, 6.59052474816e-08, 3.14832675485e-08, 2.67269655296e-08, 1.20685204053e-08, 3.34788836653e-08, 6.88766288448e-09, 2.1205665262e-12, 5.09592267784e-18, 5.77796535293e-18],
        "dvar2": [5.86011083215e-06, 0.00187553383876, 0.000217115288251, 8.91028503247e-06, 2.94272958854e-05, 3.26117988152e-05, 1.8744096451e-05, 1.68447058968e-05, 1.53888704517e-05, 1.53171890815e-06, 3.22704022437e-06, 1.28266028696e-05, 9.37313075156e-07, 4.4916441766e-07, 8.33118974697e-07, 2.12719456272e-07, 2.41446514337e-07, 1.42899239108e-07, 1.5725318292e-07, 7.50879678435e-08, 5.77911549726e-08, 2.62210182456e-08, 7.05839369175e-08, 1.34490116821e-08, 4.65476572217e-12, 1.60510874077e-17, 1.82043841259e-17],
        "max": [0.025711350143, 0.287698715925, 0.0960749834776, 0.0295986067504, 0.0626961663365, 0.0708690658212, 0.0990249291062, 0.0873573869467, 0.0690348669887, 0.0259712040424, 0.0233153440058, 0.0352590680122, 0.00755462981761, 0.0131098767743, 0.016029516235, 0.00899905525148, 0.0124598313123, 0.0087998220697, 0.0100973332301, 0.0112345833331, 0.0100556472316, 0.00468100281432, 0.00680637918413, 0.00289481249638, 7.35038556741e-05, 3.14047667871e-08, 3.35892380576e-08],
        "mean": [0.000485802738694, 0.0150667289272, 0.00398683315143, 0.00168398336973, 0.00540166208521, 0.00387835782021, 0.00207880837843, 0.00241570593789, 0.00149410008453, 0.000842387846205, 0.000640588637907, 0.000546350260265, 0.000265068083536, 0.000288631592412, 0.000472567830002, 0.000237197775277, 0.0003179909545, 0.000194967506104, 0.000157455113367, 7.19733070582e-05, 5.51606572117e-05, 6.6265805799e-05, 8.41253931867e-05, 2.97516144201e-05, 5.08869163696e-07, 1.04957520453e-09, 1.11403020142e-09],
        "median": [1.67980851984e-05, 0.00302364467643, 0.00117742677685, 0.00040529074613, 0.00234086043201, 0.00164646748453, 0.000836285471451, 0.000928705791011, 0.000459722534288, 0.000384480867069, 0.000237297848798, 0.000163569115102, 7.90702761151e-05, 9.15216514841e-05, 0.000117410578241, 5.65912960155e-05, 8.80236984813e-05, 6.71041270834e-05, 5.20044086443e-05, 2.64861810138e-05, 2.28537792282e-05, 2.00238737307e-05, 1.96739347302e-05, 6.40438565824e-06, 1.14509163041e-07, 2.99533814418e-10, 3.14576947824e-10],
        "min": [2.73967768553e-25, 2.40781233366e-24, 1.86603548294e-24, 1.39901838857e-24, 4.91589796027e-24, 8.03533796944e-24, 8.29986511907e-24, 9.75694406469e-24, 1.91557878769e-23, 1.52767284585e-23, 1.25136161314e-23, 2.33742562775e-23, 2.92487661768e-23, 4.20125955767e-23, 3.32564004564e-23, 4.61883108717e-23, 8.29431706032e-23, 8.50020660114e-23, 1.39001216872e-22, 1.16787335543e-22, 2.45894810403e-22, 3.38197241356e-22, 4.38053375197e-22, 5.20882003196e-22, 8.92168614756e-22, 3.51452199778e-22, 1.28160210685e-22],
        "var": [3.61598972631e-06, 0.000796049891505, 7.33639171813e-05, 9.23661627894e-06, 5.2881812735e-05, 3.42001840181e-05, 1.35477457661e-05, 1.93777086679e-05, 1.11116942207e-05, 1.90541413758e-06, 1.25470978674e-06, 2.91674155051e-06, 3.33029390731e-07, 3.45311661931e-07, 1.07577045583e-06, 3.62919678309e-07, 4.98225404044e-07, 1.38024986995e-07, 1.54698383881e-07, 4.69807730497e-08, 3.5660896458e-08, 2.72072551155e-08, 6.45100826091e-08, 1.38165896502e-08, 3.12777147932e-12, 3.97039869785e-18, 4.4979633256e-18]
    },
    "erbbands": {
        "dmean": [0.186519175768, 2.61135697365, 4.69862604141, 2.4756166935, 6.08848142624, 7.86329936981, 13.6901731491, 16.8099899292, 20.3764648438, 19.0369434357, 28.9339008331, 24.7372398376, 17.3779449463, 11.4604005814, 25.0383739471, 20.915927887, 10.6289081573, 9.83899116516, 13.1945734024, 9.11250305176, 6.80078840256, 8.35010147095, 6.23802757263, 4.51807975769, 3.89021849632, 2.30530905724, 1.63202309608, 1.41182720661, 1.48182952404, 1.58165490627, 1.3670386076, 0.672249913216, 0.1577321738, 0.0156991332769, 0.00049763370771, 4.30299915024e-05, 1.0734517673e-05, 2.71194357992e-06, 8.07157721283e-06, 1.87646492122e-05],
        "dmean2": [0.296149671078, 4.28248357773, 7.76567173004, 4.2075510025, 9.60113430023, 12.3232917786, 21.9867115021, 26.3361339569, 33.2818145752, 29.973991394, 43.1588592529, 38.6739463806, 26.1658725739, 18.1451396942, 42.5209617615, 35.9722137451, 18.0503463745, 15.7079486847, 20.1409435272, 13.7240505219, 10.1253147125, 12.5593652725, 9.4459104538, 6.81469297409, 5.97198867798, 3.75234556198, 2.61730122566, 2.17789435387, 2.24296522141, 2.36636853218, 1.97430956364, 0.951573491096, 0.219263896346, 0.0219740141183, 0.000681341160089, 5.85704474361e-05, 1.50502482938e-05, 3.8744738049e-06, 1.23838080981e-05, 2.91660380753e-05],
        "dvar": [0.328482627869, 44.2093849182, 163.968200684, 42.0374946594, 107.81362915, 231.50352478, 913.526306152, 962.559997559, 1496.98217773, 2440.64868164, 4758.75292969, 3509.98193359, 1333.21447754, 427.813812256, 5854.27246094, 3999.63354492, 826.001037598, 530.159851074, 1005.25274658, 388.328796387, 262.877502441, 311.588562012, 191.002029419, 144.583236694, 191.192443848, 76.2826843262, 51.5037536621, 22.4524593353, 15.4642562866, 19.9992618561, 29.3399047852, 9.034532547, 0.441698104143, 0.00244492385536, 2.57066267295e-06, 1.70501142094e-08, 6.35506369751e-10, 4.32164685982e-11, 2.53633419822e-10, 1.48137491163e-09],
        "dvar2": [0.825068354607, 122.747970581, 445.928955078, 118.11114502, 246.542633057, 529.2421875, 2310.72924805, 2234.97583008, 3680.9609375, 6038.38867188, 10048.2060547, 8381.43261719, 2826.14013672, 1037.71655273, 16158.0595703, 11103.7558594, 2281.484375, 1267.91650391, 2129.04077148, 827.923095703, 530.330810547, 614.733337402, 428.449737549, 329.386322021, 464.886566162, 187.696685791, 110.081642151, 47.4135513306, 33.0426483154, 43.9319992065, 63.6382369995, 16.6766242981, 0.829030513763, 0.00454249652103, 4.47197771791e-06, 2.93634592197e-08, 1.1527093724e-09, 8.05564712159e-11, 6.47069342552e-10, 3.85596576891e-09],
        "max": [7.21426343918, 72.0665817261, 138.348190308, 77.6150436401, 226.960342407, 362.72354126, 773.646362305, 724.996765137, 778.979125977, 1847.07763672, 2081.91430664, 1112.83325195, 1129.14111328, 640.393859863, 1728.86730957, 1012.08843994, 385.511810303, 730.239379883, 995.045593262, 437.431488037, 580.615966797, 508.375305176, 468.023956299, 534.043518066, 508.065582275, 606.971008301, 445.456665039, 303.774597168, 150.753356934, 142.390991211, 231.064300537, 101.774772644, 34.0253944397, 1.97854411602, 0.0615848004818, 0.00465817656368, 0.000824482471216, 0.000239852204686, 0.000172301908606, 0.000415889371652],
        "mean": [0.284103423357, 3.79339814186, 6.47010564804, 4.28473091125, 13.8642759323, 16.915397644, 24.5235214233, 30.4049396515, 35.584022522, 32.5405197144, 56.8227844238, 36.0421905518, 31.2688083649, 19.7894153595, 27.1426239014, 22.6127815247, 13.6452484131, 15.6984224319, 23.6411895752, 16.4502983093, 14.3638286591, 17.5405960083, 12.1558084488, 8.46656799316, 6.75517272949, 3.29713463783, 2.35406446457, 2.30790925026, 2.42151761055, 2.47549557686, 2.22190976143, 1.13005614281, 0.249952271581, 0.0230481456965, 0.000799584086053, 8.64533431013e-05, 2.5640541935e-05, 6.05793366049e-06, 2.04801817745e-05, 4.60165902041e-05],
        "median": [0.0410422645509, 0.782565534115, 2.04995059967, 1.90029573441, 4.15461540222, 6.08757162094, 8.60290908813, 12.3553924561, 15.3889961243, 15.5442428589, 18.6740436554, 12.3604106903, 13.6878032684, 9.37195777893, 9.15946674347, 8.07922744751, 4.86087656021, 5.86916399002, 5.99081087112, 5.36167049408, 3.90909647942, 4.98809719086, 4.2862200737, 3.04056596756, 2.32994008064, 1.29967010021, 0.960851728916, 0.914775907993, 0.757366716862, 0.60235285759, 0.520217776299, 0.232110083103, 0.0582814328372, 0.00551426270977, 0.000224036106374, 4.02326550102e-05, 1.6432000848e-05, 3.50713730768e-06, 1.60432264238e-05, 3.56893178832e-05],
        "min": [9.62808584463e-23, 7.84961483725e-22, 2.58171571205e-21, 3.37467677547e-21, 1.67953352668e-20, 2.13430498744e-20, 6.66680819595e-20, 6.43416946478e-20, 8.35672978634e-20, 2.07004959746e-19, 2.48863672087e-19, 3.77572872003e-19, 5.57735006615e-19, 6.64813278416e-19, 9.06161988789e-19, 1.17418691202e-18, 1.74241542849e-18, 2.77285975335e-18, 2.72543500729e-18, 3.30276137313e-18, 3.31572391371e-18, 4.52630460134e-18, 5.51376097015e-18, 5.16548898095e-18, 8.78228988722e-18, 6.61699408699e-18, 9.73662222199e-18, 1.0484060142e-17, 1.32933648527e-17, 1.17878895204e-17, 1.16195615745e-17, 1.03890964989e-17, 9.37629490254e-18, 9.40333130086e-18, 7.01452633604e-18, 4.03632954217e-18, 2.36290263112e-18, 1.01826243598e-18, 2.79587951772e-19, 2.7533488633e-20],
        "var": [0.397061824799, 48.8918533325, 167.700134277, 46.1405181885, 456.628540039, 955.186218262, 2162.71264648, 2454.54614258, 3412.79663086, 3303.16088867, 14197.1972656, 4883.96972656, 2851.43310547, 902.91015625, 4254.36376953, 3025.23632812, 811.001098633, 920.165649414, 2743.54638672, 994.049194336, 1253.81835938, 1341.33435059, 481.403991699, 355.035247803, 363.756317139, 99.4345703125, 74.7456436157, 35.4378013611, 35.6603164673, 38.5546531677, 55.1314926147, 19.8241119385, 0.921220958233, 0.00501868175343, 5.76319143875e-06, 4.11869969241e-08, 1.59254720522e-09, 1.05888880997e-10, 3.8875483388e-10, 2.0889909802e-09]
    },
    "gfcc": {
        "mean": [-71.2692489624, 169.792053223, -147.703598022, 42.7333526611, -69.4121780396, 1.16345822811, -20.9594612122, -16.1826972961, 10.3888759613, -26.8499298096, 8.31329441071, -16.2282066345, -0.121912166476],
        "cov": [[17776.9960938, 285.412780762, -1305.32299805, 1857.63208008, -1131.77099609, 847.917480469, -531.128234863, -6.63792657852, 349.089904785, -364.506378174, 408.327636719, -142.141326904, 13.4361305237], [285.412780762, 881.737365723, -28.6871128082, -273.889923096, 252.636199951, -142.303848267, 173.281158447, -30.1032409668, 17.6491451263, 43.7612762451, -11.1025848389, -7.07176971436, 14.6420946121], [-1305.32299805, -28.6871128082, 957.203369141, 390.394561768, 224.404190063, 333.226806641, 200.977478027, 115.924102783, 115.586502075, 77.6160964966, 100.579750061, 27.4229431152, 42.4194259644], [1857.63208008, -273.889923096, 390.394561768, 898.140441895, -33.5879096985, 399.378692627, 14.141295433, 98.2644119263, 149.882949829, -45.2198104858, 141.312942505, -4.58641815186, 20.0402736664], [-1131.77099609, 252.636199951, 224.404190063, -33.5879096985, 416.218078613, -16.552022934, 155.133605957, 88.4946746826, 75.7777557373, 78.4437103271, -9.30855751038, 21.6926193237, 22.3663978577], [847.917480469, -142.303848267, 333.226806641, 399.378692627, -16.552022934, 455.424285889, 131.487884521, 111.034133911, 114.290077209, 42.056930542, 119.538085938, -13.3583250046, 23.232006073], [-531.128234863, 173.281158447, 200.977478027, 14.141295433, 155.133605957, 131.487884521, 322.829772949, 102.558425903, 38.4249649048, 108.079193115, 48.4809150696, 14.5449533463, 12.3623552322], [-6.63792657852, -30.1032409668, 115.924102783, 98.2644119263, 88.4946746826, 111.034133911, 102.558425903, 162.005401611, 88.6020431519, 44.1730918884, 39.7852363586, 3.76672005653, 16.9130725861], [349.089904785, 17.6491451263, 115.586502075, 149.882949829, 75.7777557373, 114.290077209, 38.4249649048, 88.6020431519, 159.548446655, 54.9417114258, 29.0399055481, 8.09093570709, 14.9897270203], [-364.506378174, 43.7612762451, 77.6160964966, -45.2198104858, 78.4437103271, 42.056930542, 108.079193115, 44.1730918884, 54.9417114258, 141.276779175, 39.8215141296, -0.668220698833, 27.1665897369], [408.327636719, -11.1025848389, 100.579750061, 141.312942505, -9.30855751038, 119.538085938, 48.4809150696, 39.7852363586, 29.0399055481, 39.8215141296, 114.347190857, 19.6471710205, 9.50354003906], [-142.141326904, -7.07176971436, 27.4229431152, -4.58641815186, 21.6926193237, -13.3583250046, 14.5449533463, 3.76672005653, 8.09093570709, -0.668220698833, 19.6471710205, 80.5039138794, 22.9727706909], [13.4361305237, 14.6420946121, 42.4194259644, 20.0402736664, 22.3663978577, 23.232006073, 12.3623552322, 16.9130725861, 14.9897270203, 27.1665897369, 9.50354003906, 22.9727706909, 88.221244812]],
        "icov": [[0.000285035755951, -0.000702880031895, 0.000688607629854, -0.000765038479585, 0.000659322482534, -0.000569230178371, 0.000546845956706, -0.000343409861671, -0.000107244806713, -0.000100299723272, -0.00012131328549, -0.000148720049765, -1.12173765956e-05], [-0.000702880031895, 0.00444626389071, -0.00153625430539, 0.00311048747972, -0.003022629302, 0.00273713562638, -0.00425976375118, 0.00413662008941, -0.00336371827871, 0.00411259196699, -0.00329539761879, 0.00343753257766, -0.00198442302644], [0.000688607629854, -0.00153625430539, 0.00354784657247, -0.00230563967489, 0.000462925498141, -0.00241364608519, 0.000989293330349, -0.000397202500608, 3.54956318915e-05, -0.000512670259923, -0.000272018631222, -0.000835141050629, -0.000177693509613], [-0.000765038479585, 0.00311048747972, -0.00230563967489, 0.00535583356395, -0.00230024266057, 0.0010064629605, -0.0026821505744, 0.00288497051224, -0.00363197410479, 0.00500083575025, -0.00385493179783, 0.00296673108824, -0.00164694199339], [0.000659322482534, -0.003022629302, 0.000462925498141, -0.00230024266057, 0.00652441661805, -0.000202819515835, 0.00110404298175, -0.00347683997825, -0.00013404841593, -0.00244513642974, 0.00244916253723, -0.00200784252957, 0.000647059467155], [-0.000569230178371, 0.00273713562638, -0.00241364608519, 0.0010064629605, -0.000202819515835, 0.0081753814593, -0.00487414980307, 0.00183253001887, -0.00426058191806, 0.00361720263027, -0.00473234895617, 0.00458465935662, -0.00227944809012], [0.000546845956706, -0.00425976375118, 0.000989293330349, -0.0026821505744, 0.00110404298175, -0.00487414980307, 0.011107692495, -0.00732484320179, 0.00761319790035, -0.00925925932825, 0.00506735453382, -0.00593652809039, 0.00416639726609], [-0.000343409861671, 0.00413662008941, -0.000397202500608, 0.00288497051224, -0.00347683997825, 0.00183253001887, -0.00732484320179, 0.0163563732058, -0.0103816678748, 0.00771745946258, -0.00708660110831, 0.00588883459568, -0.00419159885496], [-0.000107244806713, -0.00336371827871, 3.54956318915e-05, -0.00363197410479, -0.00013404841593, -0.00426058191806, 0.00761319790035, -0.0103816678748, 0.0200065579265, -0.0132609512657, 0.00986679457128, -0.00828908476979, 0.00524179311469], [-0.000100299723272, 0.00411259196699, -0.000512670259923, 0.00500083575025, -0.00244513642974, 0.00361720263027, -0.00925925932825, 0.00771745946258, -0.0132609512657, 0.0229332074523, -0.0134306829423, 0.0103339254856, -0.00812440179288], [-0.00012131328549, -0.00329539761879, -0.000272018631222, -0.00385493179783, 0.00244916253723, -0.00473234895617, 0.00506735453382, -0.00708660110831, 0.00986679457128, -0.0134306829423, 0.0229101479053, -0.0109796756878, 0.0056961379014], [-0.000148720049765, 0.00343753257766, -0.000835141050629, 0.00296673108824, -0.00200784252957, 0.00458465935662, -0.00593652809039, 0.00588883459568, -0.00828908476979, 0.0103339254856, -0.0109796756878, 0.0208478607237, -0.00783538632095], [-1.12173765956e-05, -0.00198442302644, -0.000177693509613, -0.00164694199339, 0.000647059467155, -0.00227944809012, 0.00416639726609, -0.00419159885496, 0.00524179311469, -0.00812440179288, 0.0056961379014, -0.00783538632095, 0.0158196147531]]
    },
    "melbands": {
        "dmean": [0.00227425806224, 0.00293678045273, 0.000526217278093, 0.000495733343996, 0.000437770475401, 0.000395986309741, 0.000293148390483, 0.000211188482353, 0.000238921638811, 0.000157897477038, 8.50453507155e-05, 4.39553587057e-05, 7.69849357312e-05, 7.28549566702e-05, 3.49405272573e-05, 2.00093436433e-05, 1.96312957996e-05, 2.07601897273e-05, 1.81386858458e-05, 1.03168104033e-05, 8.16291412775e-06, 9.0155253929e-06, 8.56103542901e-06, 4.36112804891e-06, 3.90378409065e-06, 3.44104205396e-06, 2.25658277486e-06, 1.47993421251e-06, 1.16755757062e-06, 7.82506958785e-07, 9.29339933009e-07, 9.29303780595e-07, 7.3083577945e-07, 1.05258720851e-06, 8.51205641084e-07, 6.66121195536e-07, 3.39375560543e-07, 1.28313288883e-07, 4.24191810566e-08, 3.07260950017e-09],
        "dmean2": [0.00364708225243, 0.00481709698215, 0.000877168553416, 0.000773400417529, 0.000696105416864, 0.000623668951448, 0.000475545413792, 0.000328335008817, 0.000356937700417, 0.0002502228308, 0.000128295141621, 6.95662456565e-05, 0.000129167528939, 0.000128213781863, 5.97460384597e-05, 3.36783778039e-05, 3.11639123538e-05, 3.20112121699e-05, 2.76401369774e-05, 1.57827016665e-05, 1.22566152641e-05, 1.36154958454e-05, 1.31585074996e-05, 6.69639348416e-06, 5.99197801421e-06, 5.27322708876e-06, 3.58507531928e-06, 2.46534614234e-06, 1.90157288671e-06, 1.23841584809e-06, 1.44581633776e-06, 1.42171211337e-06, 1.12568045552e-06, 1.59188073212e-06, 1.25366864268e-06, 9.64234800449e-07, 4.91805565161e-07, 1.82119791248e-07, 6.22800655492e-08, 4.52902204628e-09],
        "dvar": [3.77856340492e-05, 5.87979338889e-05, 1.26083784835e-06, 6.58172268686e-07, 7.55192218094e-07, 4.67892505185e-07, 3.14733171081e-07, 2.7472449915e-07, 3.51785104158e-07, 1.59764752539e-07, 3.21643121026e-08, 6.59065158004e-09, 4.12860821086e-08, 7.57938565243e-08, 8.67532357063e-09, 2.5504567347e-09, 2.26868657194e-09, 2.43845699188e-09, 2.10483719343e-09, 6.13764317148e-10, 4.06011863019e-10, 3.85973059069e-10, 3.38113453902e-10, 1.20488174993e-10, 1.1699664848e-10, 1.13238037003e-10, 8.405814933e-11, 3.32408579828e-11, 2.06568980671e-11, 1.88409531032e-11, 5.7563767121e-12, 5.89826971986e-12, 5.10755673866e-12, 8.8445821847e-12, 1.10142719598e-11, 1.00839666478e-11, 2.42934730492e-12, 3.82660293426e-13, 1.53006540814e-14, 1.18498982879e-16],
        "dvar2": [9.90569897112e-05, 0.000161369651323, 3.43844999406e-06, 1.47734408529e-06, 1.91097547031e-06, 1.10757173388e-06, 7.69041491822e-07, 6.6857381853e-07, 7.35599257951e-07, 3.92003926208e-07, 6.7920325364e-08, 1.58523079108e-08, 1.11972632055e-07, 2.1538082251e-07, 2.38452386725e-08, 6.80036782441e-09, 5.24631005305e-09, 5.25401810947e-09, 4.51776127619e-09, 1.26406873857e-09, 7.96750720955e-10, 7.79047826249e-10, 7.24859505752e-10, 2.82786405403e-10, 2.72414979463e-10, 2.70047650908e-10, 2.01267988387e-10, 8.64065069495e-11, 4.50314542599e-11, 4.29031948856e-11, 1.19234283905e-11, 1.27709518308e-11, 1.14344393329e-11, 2.0009861823e-11, 2.50877305041e-11, 1.98467752649e-11, 4.79209987664e-12, 7.9765366404e-13, 3.28498418246e-14, 2.40674591674e-16],
        "max": [0.0653868019581, 0.0795933753252, 0.0142904790118, 0.0171349346638, 0.0208685193211, 0.014099560678, 0.013433881104, 0.0222313646227, 0.0166896935552, 0.00609786901623, 0.00558540271595, 0.002519386122, 0.0045461175032, 0.00515981577337, 0.00175909872632, 0.000856823928189, 0.00167099863756, 0.00153728446458, 0.00118996028323, 0.000705720682163, 0.000861403997988, 0.000564782123547, 0.000541982823052, 0.000410106644267, 0.000490199134219, 0.000342947867466, 0.000420707976446, 0.000391885638237, 0.000293261720799, 0.000271693861578, 0.000128773812321, 8.33004960441e-05, 0.000101600271591, 0.000109105487354, 0.000137938870466, 0.000121285280329, 6.56196134514e-05, 3.3924348827e-05, 4.67456493425e-06, 5.08790037657e-07],
        "mean": [0.00349697074853, 0.00420716870576, 0.00105157517828, 0.0011491694022, 0.000827511132229, 0.000725563440938, 0.000511371064931, 0.000365646497812, 0.000457258604001, 0.000213594583329, 0.000150820531417, 7.47247468098e-05, 8.71143784025e-05, 6.97270152159e-05, 4.04900711146e-05, 2.61535260506e-05, 2.96110174531e-05, 3.50792870449e-05, 3.10332361551e-05, 1.78822338057e-05, 1.64199445862e-05, 1.82077073987e-05, 1.56059177243e-05, 7.8684406617e-06, 6.69356950311e-06, 5.82700386076e-06, 3.42286693922e-06, 1.87618331893e-06, 1.52939230702e-06, 1.20436948237e-06, 1.42425528793e-06, 1.43472391301e-06, 1.16378816983e-06, 1.52084567162e-06, 1.3266650285e-06, 1.06242896436e-06, 5.37880453066e-07, 1.92488911921e-07, 5.66395179646e-08, 3.98461796891e-09],
        "median": [0.000625121698249, 0.0012167802779, 0.000458144699223, 0.000408204272389, 0.000298149971059, 0.000313405413181, 0.000219468900468, 0.000170142026036, 0.000138634917676, 6.60844743834e-05, 6.3078419771e-05, 3.27076668327e-05, 2.9409849958e-05, 2.22893359023e-05, 1.56370624609e-05, 7.52104097046e-06, 9.91433626041e-06, 8.26379800856e-06, 8.44529040478e-06, 5.1324504966e-06, 3.8267689888e-06, 4.93495826959e-06, 4.55910640085e-06, 2.71382805295e-06, 2.16192461266e-06, 1.7152071905e-06, 1.18502350688e-06, 6.58828867017e-07, 5.45093030269e-07, 4.80686537685e-07, 5.21303093137e-07, 4.39975366362e-07, 2.86227731294e-07, 3.28445651121e-07, 3.09141086063e-07, 1.9119219985e-07, 1.08998435167e-07, 4.17554311127e-08, 1.16525198379e-08, 8.46136882782e-10],
        "min": [7.90695154737e-25, 1.21809816894e-24, 1.83315063282e-24, 1.18987952968e-24, 2.15048570916e-24, 1.43821422454e-24, 1.33596434198e-24, 2.49680412681e-24, 1.6494871494e-24, 2.66187741274e-24, 2.3879712986e-24, 2.14803156288e-24, 2.55126491434e-24, 3.56192037395e-24, 2.8801187404e-24, 3.64146240231e-24, 3.9456566337e-24, 3.28383507194e-24, 3.11589230446e-24, 3.8858858262e-24, 3.15902583825e-24, 4.57146787842e-24, 3.97251103663e-24, 3.72436340041e-24, 2.91973356013e-24, 6.06798789715e-24, 3.83895294107e-24, 3.53138751261e-24, 5.12411740178e-24, 5.1098973951e-24, 5.79402478781e-24, 6.33871707121e-24, 5.69992433144e-24, 5.98951240873e-24, 6.36825478452e-24, 6.46047696307e-24, 5.92251800192e-24, 5.80952866561e-24, 7.03881495295e-24, 7.04470143302e-24],
        "var": [4.66313613288e-05, 6.12283110968e-05, 2.19340836338e-06, 2.84869747702e-06, 2.02205956157e-06, 1.1952697605e-06, 6.85431587044e-07, 3.98696471393e-07, 1.0265111996e-06, 1.95465119646e-07, 6.97898059343e-08, 1.46416603286e-08, 3.33741176917e-08, 4.77878181471e-08, 7.401308455e-09, 3.19151061134e-09, 3.97656485518e-09, 6.23508711328e-09, 4.97788610332e-09, 1.74241399087e-09, 1.98474325863e-09, 1.60332369603e-09, 9.54865964076e-10, 2.45148512601e-10, 2.61022897741e-10, 2.57947135873e-10, 1.35476546648e-10, 3.46311417043e-11, 3.1084804869e-11, 2.20995392125e-11, 1.04238085177e-11, 1.26117163587e-11, 1.09253535038e-11, 1.50467329568e-11, 1.9193879125e-11, 1.9906201687e-11, 4.90995872432e-12, 6.84398501413e-13, 2.64268723007e-14, 1.92840894137e-16]
    },
    "mfcc": {
        "mean": [-682.282165527, 163.228927612, -4.72453022003, 25.9965953827, -9.46954441071, 8.64415359497, -17.9869995117, 13.4428348541, -10.4557723999, 7.90604829788, -5.35182905197, 3.99831175804, -5.73172473907],
        "cov": [[8906.98144531, -49.7412948608, -146.61529541, 955.219909668, -94.0225143433, 573.454833984, -318.971099854, 541.353088379, -295.570465088, 260.297912598, -60.4577789307, 283.92791748, -65.387802124], [-49.7412948608, 1120.61437988, -95.964805603, -42.3707237244, 41.7087783813, -31.0928115845, 85.2158355713, -52.7513084412, 76.5587844849, -19.6952457428, 53.5943069458, -23.3484916687, 3.88156890869], [-146.61529541, -95.964805603, 597.525695801, 146.694229126, 95.3178939819, 214.113250732, 137.568878174, 114.744087219, 51.7087249756, 111.413024902, 41.9932975769, 62.0810508728, 82.7330322266], [955.219909668, -42.3707237244, 146.694229126, 535.032775879, 151.7940979, 193.744995117, 50.3204078674, 160.473556519, 25.841424942, 73.0575027466, 23.2120895386, 74.8608703613, 32.7565994263], [-94.0225143433, 41.7087783813, 95.3178939819, 151.7940979, 268.199371338, 64.7715148926, 1.83432388306, 69.3073806763, 76.3077163696, 50.2378196716, 12.4489946365, 29.8829421997, 27.2562541962], [573.454833984, -31.0928115845, 214.113250732, 193.744995117, 64.7715148926, 287.010894775, 110.286994934, 115.960731506, 40.7603302002, 109.777175903, 57.8273658752, 68.6771087646, 50.0661773682], [-318.971099854, 85.2158355713, 137.568878174, 50.3204078674, 1.83432388306, 110.286994934, 281.032196045, 53.5949363708, 76.8710098267, 77.819519043, 73.4139328003, 38.4119338989, 44.8693313599], [541.353088379, -52.7513084412, 114.744087219, 160.473556519, 69.3073806763, 115.960731506, 53.5949363708, 207.567855835, 33.8317642212, 56.9586143494, 45.4163970947, 60.5620422363, 31.2443943024], [-295.570465088, 76.5587844849, 51.7087249756, 25.841424942, 76.3077163696, 40.7603302002, 76.8710098267, 33.8317642212, 172.39604187, 71.448600769, 36.0225067139, 26.4982395172, 35.0706062317], [260.297912598, -19.6952457428, 111.413024902, 73.0575027466, 50.2378196716, 109.777175903, 77.819519043, 56.9586143494, 71.448600769, 206.83039856, 72.4269104004, 34.0712890625, 27.5821666718], [-60.4577789307, 53.5943069458, 41.9932975769, 23.2120895386, 12.4489946365, 57.8273658752, 73.4139328003, 45.4163970947, 36.0225067139, 72.4269104004, 131.756072998, 38.0531806946, 13.6420288086], [283.92791748, -23.3484916687, 62.0810508728, 74.8608703613, 29.8829421997, 68.6771087646, 38.4119338989, 60.5620422363, 26.4982395172, 34.0712890625, 38.0531806946, 106.383621216, 34.9494018555], [-65.387802124, 3.88156890869, 82.7330322266, 32.7565994263, 27.2562541962, 50.0661773682, 44.8693313599, 31.2443943024, 35.0706062317, 27.5821666718, 13.6420288086, 34.9494018555, 100.890930176]],
