{
"lowlevel": {
    "average_loudness": 0.912142515182,
    "barkbands_crest": {
        "dmean": 3.48570585251,
        "dmean2": 5.4071059227,
        "dvar": 10.5221862793,
        "dvar2": 20.8102588654,
        "max": 26.6320037842,
        "mean": 12.6565713882,
        "median": 11.2404956818,
        "min": 2.1840031147,
        "var": 37.9641265869
    },
    "barkbands_flatness_db": {
        "dmean": 0.0333239920437,
        "dmean2": 0.0497075393796,
        "dvar": 0.000852883618791,
        "dvar2": 0.00192964787129,
        "max": 0.503104686737,
        "mean": 0.191146790981,
        "median": 0.181798428297,
        "min": 0.0580080524087,
        "var": 0.00313159637153
    },
    "barkbands_kurtosis": {
        "dmean": 6.90874099731,
        "dmean2": 10.3049716949,
        "dvar": 497.153839111,
        "dvar2": 1077.44921875,
        "max": 447.687835693,
        "mean": 7.67838764191,
        "median": 1.33077430725,
        "min": -1.83427417278,
        "var": 808.307983398
    },
    "barkbands_skewness": {
        "dmean": 0.862909138203,
        "dmean2": 1.2324385643,
        "dvar": 1.23832333088,
        "dvar2": 2.40817093849,
        "max": 20.3128414154,
        "mean": 1.77529251575,
        "median": 1.29831790924,
        "min": -2.12311410904,
        "var": 4.35003328323
    },
    "barkbands_spread": {
        "dmean": 7.24844646454,
        "dmean2": 11.2014465332,
        "dvar": 57.2363891602,
        "dvar2": 137.936630249,
        "max": 79.1331787109,
        "mean": 22.7344532013,
        "median": 21.6763763428,
        "min": 0.400117963552,
        "var": 137.140823364
    },
    "dissonance": {
        "dmean": 0.0179949197918,
        "dmean2": 0.0302247479558,
        "dvar": 0.000315577461151,
        "dvar2": 0.00084315740969,
        "max": 0.500000059605,
        "mean": 0.467354804277,
        "median": 0.472961246967,
        "min": 0.297262698412,
        "var": 0.000598251703195
    },
    "dynamic_complexity": 3.20903968811,
    "erbbands_crest": {
        "dmean": 2.74943208694,
        "dmean2": 4.34487009048,
        "dvar": 6.74298238754,
        "dvar2": 15.8148956299,
        "max": 30.2106075287,
        "mean": 8.62089347839,
        "median": 7.58635282516,
        "min": 2.32919216156,
        "var": 18.4223060608
    },
    "erbbands_flatness_db": {
        "dmean": 0.0168278664351,
        "dmean2": 0.0238870661706,
        "dvar": 0.00027986956411,
        "dvar2": 0.000496419263072,
        "max": 0.412127017975,
        "mean": 0.197708979249,
        "median": 0.191259860992,
        "min": 0.0848983824253,
        "var": 0.00154073222075
    },
    "erbbands_kurtosis": {
        "dmean": 0.843639791012,
        "dmean2": 1.30087411404,
        "dvar": 1.67731761932,
        "dvar2": 3.80887699127,
        "max": 27.9778442383,
        "mean": 0.253524690866,
        "median": -0.241139054298,
        "min": -1.79221367836,
        "var": 3.44848203659
    },
    "erbbands_skewness": {
        "dmean": 0.350493997335,
        "dmean2": 0.515157282352,
        "dvar": 0.11044780165,
        "dvar2": 0.222610428929,
        "max": 4.52770042419,
        "mean": 0.102338910103,
        "median": 0.118423707783,
        "min": -4.41310930252,
        "var": 0.534998655319
    },
    "erbbands_spread": {
        "dmean": 8.95123004913,
        "dmean2": 12.8282270432,
        "dvar": 86.7181625366,
        "dvar2": 164.286453247,
        "max": 141.821868896,
        "mean": 40.4647903442,
        "median": 37.5511169434,
        "min": 2.84420394897,
        "var": 368.337493896
    },
    "hfc": {
        "dmean": 9.27760887146,
        "dmean2": 13.3155641556,
        "dvar": 219.339401245,
        "dvar2": 490.939880371,
        "max": 119.304191589,
        "mean": 21.0511226654,
        "median": 14.8875770569,
        "min": 1.06805706277e-16,
        "var": 409.49798584
    },
    "melbands_crest": {
        "dmean": 4.56165790558,
        "dmean2": 7.25239610672,
        "dvar": 16.563167572,
        "dvar2": 37.6409568787,
        "max": 37.9319229126,
        "mean": 17.3309497833,
        "median": 16.0888519287,
        "min": 1.02149057388,
        "var": 58.6385269165
    },
    "melbands_flatness_db": {
        "dmean": 0.0388312451541,
        "dmean2": 0.0544784851372,
        "dvar": 0.0013806312345,
        "dvar2": 0.00297879544087,
        "max": 0.561525404453,
        "mean": 0.202653229237,
        "median": 0.191591709852,
        "min": 0.00108061148785,
        "var": 0.00598187791184
    },
    "melbands_kurtosis": {
        "dmean": 17.0344238281,
        "dmean2": 24.689332962,
        "dvar": 2198.20092773,
        "dvar2": 4256.81982422,
        "max": 942.31439209,
        "mean": 25.0373916626,
        "median": 6.87806415558,
        "min": -1.79522907734,
        "var": 4735.79785156
    },
    "melbands_skewness": {
        "dmean": 1.15203917027,
        "dmean2": 1.63880419731,
        "dvar": 1.97489130497,
        "dvar2": 3.65540599823,
        "max": 23.4181537628,
        "mean": 3.19464230537,
        "median": 2.29981660843,
        "min": -1.92194223404,
        "var": 8.60268783569
    },
    "melbands_spread": {
        "dmean": 9.35490608215,
        "dmean2": 14.4560985565,
        "dvar": 122.602920532,
        "dvar2": 284.336029053,
        "max": 193.683410645,
        "mean": 25.9348964691,
        "median": 21.8565444946,
        "min": 0.267621845007,
        "var": 427.255279541
    },
    "pitch_salience": {
        "dmean": 0.0940824598074,
        "dmean2": 0.14256939292,
        "dvar": 0.00815630331635,
        "dvar2": 0.017530778423,
        "max": 0.995301306248,
        "mean": 0.471146017313,
        "median": 0.49828594923,
        "min": 0.0486541949213,
        "var": 0.0311119519174
    },
    "silence_rate_20dB": {
        "dmean": 0,
        "dmean2": 0,
        "dvar": 0,
        "dvar2": 0,
        "max": 1,
        "mean": 1,
        "median": 1,
        "min": 1,
        "var": 0
    },
    "silence_rate_30dB": {
        "dmean": 0.0747314319015,
        "dmean2": 0.149476826191,
        "dvar": 0.0691562741995,
        "dvar2": 0.154596313834,
        "max": 1,
        "mean": 0.923687636852,
        "median": 1,
        "min": 0,
        "var": 0.0704832226038
    },
    "silence_rate_60dB": {
        "dmean": 0.0467071458697,
        "dmean2": 0.0934230163693,
        "dvar": 0.0445171818137,
        "dvar2": 0.104492381215,
        "max": 1,
        "mean": 0.0814496576786,
        "median": 0,
        "min": 0,
        "var": 0.0748189911246
    },
    "spectral_centroid": {
        "dmean": 309.798187256,
        "dmean2": 485.380981445,
        "dvar": 123482.804688,
        "dvar2": 304091.53125,
        "max": 11593.7099609,
        "mean": 1738.51635742,
        "median": 1640.99487305,
        "min": 294.21307373,
        "var": 1061478.75
    },
    "spectral_complexity": {
        "dmean": 5.8165345192,
        "dmean2": 8.1192073822,
        "dvar": 48.5459976196,
        "dvar2": 88.4737472534,
        "max": 65,
        "mean": 18.9066886902,
        "median": 17,
        "min": 0,
        "var": 142.090316772
    },
    "spectral_decrease": {
        "dmean": 3.92933152682e-09,
        "dmean2": 5.99288974001e-09,
        "dvar": 2.90666436516e-17,
        "dvar2": 6.10392522045e-17,
        "max": 1.73429979455e-28,
        "mean": -9.54799084241e-09,
        "median": -4.91530327551e-09,
        "min": -4.61550122566e-08,
        "var": 9.65921035893e-17
    },
    "spectral_energy": {
        "dmean": 0.0152004389092,
        "dmean2": 0.0232645720243,
        "dvar": 0.000431335938629,
        "dvar2": 0.000895260949619,
        "max": 0.175517722964,
        "mean": 0.0379457175732,
        "median": 0.0202204789966,
        "min": 1.00387648881e-20,
        "var": 0.00144835526589
    },
    "spectral_energyband_high": {
        "dmean": 0.000737456546631,
        "dmean2": 0.00107651483268,
        "dvar": 2.27881355386e-06,
        "dvar2": 5.08349558004e-06,
        "max": 0.0109757315367,
        "mean": 0.00110550259706,
        "median": 0.000450709077995,
        "min": 7.07545254377e-21,
        "var": 3.07497725771e-06
    },
    "spectral_energyband_low": {
        "dmean": 0.0129864607006,
        "dmean2": 0.0197807811201,
        "dvar": 0.000421402364736,
        "dvar2": 0.000901945400983,
        "max": 0.171359658241,
        "mean": 0.0248212330043,
        "median": 0.00650903116912,
        "min": 1.34177603805e-23,
        "var": 0.0012590768747
    },
    "spectral_energyband_middle_high": {
        "dmean": 0.00260396115482,
        "dmean2": 0.00391347752884,
        "dvar": 1.49324960148e-05,
        "dvar2": 3.42105595337e-05,
        "max": 0.0702728182077,
        "mean": 0.00570651469752,
        "median": 0.00399155775085,
        "min": 1.18391436862e-21,
        "var": 3.37212404702e-05
    },
    "spectral_energyband_middle_low": {
        "dmean": 0.00407667644322,
        "dmean2": 0.00660281023011,
        "dvar": 4.90747952426e-05,
        "dvar2": 0.000128536048578,
        "max": 0.0895686671138,
        "mean": 0.00717728771269,
        "median": 0.00476663373411,
        "min": 1.65205371229e-22,
        "var": 6.21772269369e-05
    },
    "spectral_entropy": {
        "dmean": 0.164821580052,
        "dmean2": 0.245982721448,
        "dvar": 0.0356483832002,
        "dvar2": 0.0726316422224,
        "max": 9.82896995544,
        "mean": 7.70314693451,
        "median": 7.72613525391,
        "min": 6.00123786926,
        "var": 0.12832826376
    },
    "spectral_flux": {
        "dmean": 0.0407503247261,
        "dmean2": 0.0653255954385,
        "dvar": 0.0020153906662,
        "dvar2": 0.00411276333034,
        "max": 0.350285202265,
        "mean": 0.104586787522,
        "median": 0.0818949639797,
        "min": 6.30154053938e-11,
        "var": 0.0053128618747
    },
    "spectral_kurtosis": {
        "dmean": 1.46628034115,
        "dmean2": 2.5507349968,
        "dvar": 2.8742825985,
        "dvar2": 8.04646015167,
        "max": 33.1345710754,
        "mean": 1.73799991608,
        "median": 1.28089332581,
        "min": -1.26073336601,
        "var": 3.7659201622
    },
    "spectral_rms": {
        "dmean": 0.0011762563372,
        "dmean2": 0.00171947851777,
        "dvar": 1.95947563952e-06,
        "dvar2": 3.41924396707e-06,
        "max": 0.013085748069,
        "mean": 0.00528854690492,
        "median": 0.00444154208526,
        "min": 3.12952355003e-12,
        "var": 9.05149863684e-06
    },
    "spectral_rolloff": {
        "dmean": 611.689697266,
        "dmean2": 1010.5255127,
        "dvar": 788926.3125,
        "dvar2": 1860445.5,
        "max": 19659.8144531,
        "mean": 1570.77001953,
        "median": 1227.39257812,
        "min": 43.06640625,
        "var": 4049187.5
    },
    "spectral_skewness": {
        "dmean": 0.223417311907,
        "dmean2": 0.36288779974,
        "dvar": 0.0557072125375,
        "dvar2": 0.136077418923,
        "max": 4.31749582291,
        "mean": 0.88024020195,
        "median": 0.864240288734,
        "min": -0.223320960999,
        "var": 0.128873944283
    },
    "spectral_spread": {
        "dmean": 321138.34375,
        "dmean2": 487246.3125,
        "dvar": 315554529280,
        "dvar2": 648742109184,
        "max": 42801904,
        "mean": 4116385,
        "median": 3790495.5,
        "min": 1950396.125,
        "var": 1.1737200853e+13
    },
    "spectral_strongpeak": {
        "dmean": 0.495918601751,
        "dmean2": 0.827605962753,
        "dvar": 0.768547832966,
        "dvar2": 1.85117566586,
        "max": 11.5358505249,
        "mean": 0.907089293003,
        "median": 0.591588675976,
        "min": 0,
        "var": 1.32752931118
    },
    "zerocrossingrate": {
        "dmean": 0.0107261771336,
        "dmean2": 0.0120373368263,
        "dvar": 0.000114940012281,
        "dvar2": 0.000147579441546,
        "max": 0.52392578125,
        "mean": 0.0565508231521,
        "median": 0.050048828125,
        "min": 0.00244140625,
        "var": 0.00260244426318
    },
    "barkbands": {
        "dmean": [0.000578432984184, 0.0124075533822, 0.00468186521903, 0.00166480906773, 0.000906890316401, 0.000409967935411, 0.000971539528109, 0.00103845307603, 0.000401650526328, 0.000324704189552, 0.000494033971336, 0.000704307749402, 0.000486646196805, 0.000450586754596, 0.000427117018262, 0.000334160897182, 0.000415312562836, 0.000201622635359, 0.000216644562897, 0.000194608073798, 0.000304432789562, 0.000226619347814, 0.000135158596095, 5.8004156017e-05, 6.28065095043e-07, 1.22768717414e-09, 1.29573496377e-09],
        "dmean2": [0.000889417307917, 0.0179451536387, 0.00746282888576, 0.00309261726215, 0.00151364831254, 0.000679341086652, 0.0014715049183, 0.00156711379532, 0.000626390392426, 0.000514591753017, 0.000785581360105, 0.00113097520079, 0.000801286252681, 0.000711944710929, 0.000671606801916, 0.000525159935933, 0.000671037763823, 0.000327753310557, 0.00034153679735, 0.000294936646242, 0.000497443717904, 0.000332811207045, 0.000196019536816, 8.74782926985e-05, 9.43913789797e-07, 2.22206386624e-09, 2.34495534102e-09],
        "dvar": [1.39368273722e-06, 0.000436001515482, 0.000147496306454, 2.6242893e-05, 2.92962226922e-06, 6.63585353777e-07, 4.19875914304e-06, 5.63765979678e-06, 6.32527985545e-07, 6.03375156061e-07, 1.10639143713e-06, 5.43395663044e-06, 1.07346056666e-06, 7.60680165968e-07, 1.10849600787e-06, 5.00298540373e-07, 6.16666000042e-07, 1.27038049413e-07, 1.14322219247e-07, 8.83322570644e-08, 5.26787118815e-07, 2.11433416553e-07, 6.03366743235e-08, 1.180617204e-08, 1.16984720522e-12, 3.86258563118e-18, 4.3051268453e-18],
        "dvar2": [3.16316618409e-06, 0.000838505045976, 0.000319141458021, 7.41142212064e-05, 7.83290033723e-06, 1.60659578796e-06, 8.36378512759e-06, 1.16567043733e-05, 1.40293627737e-06, 1.49103425429e-06, 2.83411418422e-06, 1.41270929817e-05, 2.69093470706e-06, 1.7864832671e-06, 2.68536996373e-06, 1.15183991056e-06, 1.50065602611e-06, 3.18448684311e-07, 2.75817740203e-07, 1.85860841384e-07, 1.40245811053e-06, 4.4984710712e-07, 1.19712339597e-07, 2.80186167601e-08, 2.49923606116e-12, 1.12431389747e-17, 1.25174892905e-17],
        "max": [0.021296672523, 0.166988909245, 0.0877109244466, 0.0385991856456, 0.0242185331881, 0.0218468829989, 0.0571989268064, 0.0886406600475, 0.0262076035142, 0.0270750559866, 0.0276580266654, 0.0597972273827, 0.0192746818066, 0.0277155917138, 0.0332337655127, 0.0157182887197, 0.0162804350257, 0.00395151181147, 0.00867568608373, 0.00512257963419, 0.00549973035231, 0.00348386238329, 0.00243506929837, 0.0011044787243, 1.18668813229e-05, 2.35883685917e-08, 2.51514364891e-08],
        "mean": [0.000783588620834, 0.0189959853888, 0.0042537022382, 0.00112122378778, 0.00129696482327, 0.000595294695813, 0.00162346370053, 0.0018751763273, 0.000533286016434, 0.00048261397751, 0.000732639338821, 0.000859151012264, 0.000586651614867, 0.000616465869825, 0.000579198997002, 0.000538813997991, 0.00057187571656, 0.000254696933553, 0.000356504344381, 0.000323168584146, 0.000360368139809, 0.000311715935823, 0.000204144409508, 8.80323059391e-05, 8.78710693542e-07, 9.77723568774e-10, 1.02684216685e-09],
        "median": [0.000116984992928, 0.00382552435622, 0.000486581673613, 0.000113288071589, 0.000564124784432, 0.000206784316106, 0.000537347747013, 0.00047603668645, 0.000230884732446, 0.000189020938706, 0.000278918130789, 0.000242502283072, 0.00019626901485, 0.000202677998459, 0.000149214582052, 0.000197173692868, 0.000178805086762, 0.00012172562856, 0.000195550761418, 0.000171914027305, 0.000107266241685, 0.00010177801596, 8.1725695054e-05, 3.79331431759e-05, 3.35892451631e-07, 3.04632929993e-10, 3.15405312978e-10],
        "min": [4.15352338042e-26, 1.24246844889e-24, 1.34504235607e-24, 8.19703936805e-25, 3.00803233897e-24, 7.37962416325e-24, 5.67889684958e-24, 1.00992371224e-23, 2.25856225642e-23, 1.83046369369e-23, 1.96451324959e-23, 2.20992929715e-23, 2.4647072304e-23, 3.35543563758e-23, 3.16888959724e-23, 4.04522791933e-23, 6.50792323888e-23, 9.88665677888e-23, 1.2375386086e-22, 1.6583152484e-22, 2.20562732309e-22, 3.12997086049e-22, 3.77813608824e-22, 5.89250369041e-22, 9.14525513411e-22, 1.24354568973e-21, 1.94865799105e-21],
        "var": [2.47941557063e-06, 0.00101181247737, 0.000145255195093, 1.55901288963e-05, 3.53723453372e-06, 1.35810967095e-06, 1.04858809209e-05, 1.85116132343e-05, 1.00536999526e-06, 8.31356487652e-07, 1.63580159551e-06, 5.81440372116e-06, 1.31890260491e-06, 1.29992724851e-06, 1.80566428298e-06, 1.13075270747e-06, 1.13065948426e-06, 1.39997140991e-07, 1.96637031991e-07, 1.69051006083e-07, 4.89022227157e-07, 2.96229671903e-07, 9.96609230697e-08, 1.6523989288e-08, 1.80403120827e-12, 3.3138941902e-18, 3.69274435831e-18]
    },
    "erbbands": {
        "dmean": [0.511691987514, 2.32706236839, 4.59988689423, 6.84922122955, 2.39090132713, 3.9624068737, 3.74372053146, 3.47579026222, 10.0356502533, 21.5635662079, 15.7199640274, 9.4650144577, 9.04240322113, 11.8021936417, 22.4154453278, 24.5101737976, 22.1626377106, 21.0298919678, 19.0480213165, 21.9609222412, 16.2668495178, 24.25822258, 12.2002353668, 10.0401477814, 11.6800899506, 8.72171020508, 11.3116159439, 11.2004327774, 8.46071624756, 6.23411798477, 3.46763515472, 1.87897396088, 0.521655678749, 0.0320358164608, 0.00112085556611, 0.000109391243313, 2.40828012465e-05, 7.20535035725e-06, 8.23085247248e-06, 1.7102503989e-05],
        "dmean2": [0.794438719749, 3.17400026321, 6.7180223465, 12.0833711624, 4.15208864212, 6.61380910873, 6.08708143234, 5.72548675537, 15.4556093216, 32.3527183533, 23.4952526093, 14.5759687424, 14.2265710831, 18.1541919708, 35.4691047668, 38.5386924744, 35.7675971985, 33.696937561, 29.5859413147, 34.3061904907, 24.2792472839, 39.2858352661, 19.8622779846, 16.0237560272, 18.5291442871, 12.9839515686, 17.4663562775, 18.4681777954, 13.0091876984, 9.12400913239, 4.90774059296, 2.72530817986, 0.804280936718, 0.047819621861, 0.00163730676286, 0.000156381647685, 3.39036560035e-05, 1.02484282252e-05, 1.28265619423e-05, 2.65562994173e-05],
        "dvar": [0.78038328886, 17.8056564331, 115.593063354, 402.631988525, 35.4884262085, 53.4044380188, 46.4653625488, 47.7631530762, 375.601806641, 1684.88012695, 1796.64941406, 400.764038086, 460.275238037, 619.539001465, 3107.73144531, 6264.72705078, 2391.00024414, 1624.96777344, 1408.90112305, 2958.31835938, 1163.29785156, 2476.63476562, 457.206085205, 254.856796265, 363.309753418, 176.745742798, 585.140563965, 720.353820801, 324.437164307, 144.912857056, 36.7686233521, 10.6325960159, 1.23041689396, 0.00412311963737, 4.8594160944e-06, 4.40585345984e-08, 1.90544113821e-09, 1.76727160683e-10, 1.425284335e-10, 5.61874713423e-10],
        "dvar2": [2.04603862762, 26.4609375, 233.372741699, 1086.23962402, 95.1486206055, 140.819229126, 110.55834198, 123.615272522, 775.209350586, 3649.08374023, 3833.05566406, 895.79309082, 1163.37207031, 1469.3515625, 7350.59472656, 16385.6464844, 6155.95605469, 3936.10717773, 3285.31005859, 6493.66748047, 2556.77905273, 6002.42919922, 1162.43505859, 636.35925293, 885.91796875, 359.809082031, 1394.48803711, 1936.31298828, 773.74230957, 283.953735352, 69.1206817627, 23.30560112, 3.1150033474, 0.00971439201385, 1.12184543468e-05, 1.01109982609e-07, 4.25486090805e-09, 3.9200673263e-10, 2.8008695363e-10, 1.13086873199e-09],
        "max": [5.64087915421, 37.1411094666, 87.6535186768, 144.396087646, 67.4188995361, 101.637931824, 201.046310425, 162.867599487, 465.764862061, 718.936096191, 1681.42089844, 602.586547852, 731.71081543, 654.37878418, 1396.32702637, 1952.71606445, 989.317810059, 1417.99645996, 926.42980957, 2072.94360352, 878.722045898, 1144.34411621, 263.901000977, 158.338623047, 563.936889648, 208.897140503, 288.676605225, 242.266906738, 160.062271118, 91.1489334106, 63.15675354, 32.9589424133, 11.4940576553, 0.618416309357, 0.0210154280066, 0.00190888845827, 0.000371779839043, 0.000104409722553, 8.58591447468e-05, 0.000190013597603],
        "mean": [0.624052286148, 3.93758893013, 5.2560544014, 4.98926877975, 2.34246063232, 5.47399902344, 5.88639497757, 5.0904417038, 16.4269866943, 39.8837814331, 27.9298343658, 13.2552442551, 14.1077384949, 19.2519664764, 32.7416038513, 31.4632740021, 29.2982673645, 29.0077762604, 28.5606613159, 33.2385482788, 29.4826755524, 33.1877288818, 16.2115879059, 15.086977005, 19.4443778992, 14.9483757019, 14.7660932541, 13.1567401886, 11.0699119568, 8.67389774323, 5.48727273941, 3.08873701096, 0.714832663536, 0.0483111329377, 0.00177067785989, 0.000188232690562, 4.71985149488e-05, 1.31653541757e-05, 2.2301583158e-05, 4.48670252808e-05],
        "median": [0.134225577116, 0.717108547688, 1.04862213135, 0.677390813828, 0.8170363307, 2.1079211235, 2.23659729958, 1.95771384239, 5.81700229645, 13.8235750198, 10.0312929153, 6.0076212883, 6.09091377258, 8.42261123657, 12.7509593964, 10.2953271866, 11.2111110687, 11.04255867, 11.7216567993, 10.4995279312, 11.4139194489, 10.3065023422, 7.95887756348, 8.70830345154, 10.1935606003, 7.83810329437, 5.00617647171, 4.06528711319, 3.78199768066, 2.86028051376, 2.27842664719, 1.3742351532, 0.288016587496, 0.0201115645468, 0.000777429668233, 9.39580859267e-05, 2.73198220384e-05, 7.26179041521e-06, 1.34209803946e-05, 2.50971461355e-05],
        "min": [1.11946455888e-22, 2.31146014483e-22, 2.42345259447e-21, 2.53449452351e-21, 1.765603285e-20, 7.68746603066e-21, 4.15384932777e-20, 6.87614886817e-20, 1.23490310636e-19, 2.14825681019e-19, 3.85607251443e-19, 4.62374988962e-19, 5.53124663772e-19, 5.89577789584e-19, 8.7118155466e-19, 7.22251252586e-19, 1.16049593551e-18, 2.09206715496e-18, 2.32591028695e-18, 3.18248600334e-18, 3.28367107857e-18, 5.28209497754e-18, 5.68741058255e-18, 6.09045226807e-18, 8.02037299782e-18, 7.53913503386e-18, 9.96073440125e-18, 8.01516175996e-18, 9.27454837847e-18, 1.04660383579e-17, 1.04701031235e-17, 1.10179489791e-17, 1.03465248215e-17, 9.10539904219e-18, 6.35481092004e-18, 4.39858171091e-18, 2.06405881942e-18, 1.01186936382e-18, 2.47770630456e-19, 2.73673707327e-20],
        "var": [1.15788948536, 47.7694778442, 148.36126709, 271.535797119, 26.161157608, 69.6064453125, 105.398246765, 90.4597091675, 967.68548584, 4442.5234375, 4954.11035156, 613.848144531, 625.895202637, 1158.93933105, 4403.87841797, 6686.41210938, 3081.90576172, 2558.42871094, 2375.78222656, 5946.88085938, 3211.67260742, 4578.29345703, 518.576721191, 341.058258057, 613.096374512, 364.502532959, 699.735595703, 650.770935059, 388.885101318, 215.33291626, 66.3207626343, 18.1078929901, 1.36546456814, 0.00551150599495, 6.83735652274e-06, 6.54765557329e-08, 3.21689541671e-09, 2.76963701973e-10, 4.37023667255e-10, 1.87757720482e-09]
    },
    "gfcc": {
        "mean": [-47.2511329651, 122.631851196, -169.105606079, 65.5851593018, -74.0972747803, 17.0798358917, -15.8116025925, -11.4542827606, 13.1912097931, -17.5381984711, 14.0528373718, -15.4510288239, 0.524752497673],
        "cov": [[17133.2304688, 973.956481934, -1536.79968262, 1285.02087402, -515.992919922, 678.477233887, -111.910133362, 78.228012085, 282.479949951, -69.949546814, 138.95425415, -220.076293945, -40.9043960571], [973.956481934, 812.420532227, 190.913803101, 163.874694824, 161.315002441, 59.1184501648, 187.422683716, 23.5164356232, 70.4604949951, -12.4022445679, 75.1041641235, 14.6438493729, 55.1356773376], [-1536.79968262, 190.913803101, 1045.37927246, 387.374572754, 447.924438477, 217.743301392, 277.785064697, 131.070571899, 114.349952698, 69.0430984497, 15.0565576553, 37.9181060791, 28.7759685516], [1285.02087402, 163.874694824, 387.374572754, 575.480773926, 252.080749512, 236.27355957, 125.557365417, 95.7342147827, 111.203407288, 31.3227806091, -0.39937838912, -14.125418663, 12.5106611252], [-515.992919922, 161.315002441, 447.924438477, 252.080749512, 469.77355957, 200.029800415, 218.572341919, 138.086380005, 141.35786438, 86.0907058716, 64.3766937256, 45.5308227539, 59.7147483826], [678.477233887, 59.1184501648, 217.743301392, 236.27355957, 200.029800415, 331.016052246, 231.997848511, 116.560531616, 112.578552246, 87.6762771606, 66.5726318359, 30.1519031525, 9.69141387939], [-111.910133362, 187.422683716, 277.785064697, 125.557365417, 218.572341919, 231.997848511, 381.880767822, 128.344497681, 106.409156799, 103.687423706, 92.5979995728, 65.9026107788, 29.1678333282], [78.228012085, 23.5164356232, 131.070571899, 95.7342147827, 138.086380005, 116.560531616, 128.344497681, 168.374801636, 142.147293091, 77.7179946899, 62.1774597168, 20.8400821686, 24.9870204926], [282.479949951, 70.4604949951, 114.349952698, 111.203407288, 141.35786438, 112.578552246, 106.409156799, 142.147293091, 201.770874023, 117.943809509, 73.9609451294, 19.5919818878, 32.1437568665], [-69.949546814, -12.4022445679, 69.0430984497, 31.3227806091, 86.0907058716, 87.6762771606, 103.687423706, 77.7179946899, 117.943809509, 137.773544312, 82.5297927856, 27.4557743073, 17.1815090179], [138.95425415, 75.1041641235, 15.0565576553, -0.39937838912, 64.3766937256, 66.5726318359, 92.5979995728, 62.1774597168, 73.9609451294, 82.5297927856, 119.279312134, 59.1200675964, 35.7489318848], [-220.076293945, 14.6438493729, 37.9181060791, -14.125418663, 45.5308227539, 30.1519031525, 65.9026107788, 20.8400821686, 19.5919818878, 27.4557743073, 59.1200675964, 96.977355957, 63.5552902222], [-40.9043960571, 55.1356773376, 28.7759685516, 12.5106611252, 59.7147483826, 9.69141387939, 29.1678333282, 24.9870204926, 32.1437568665, 17.1815090179, 35.7489318848, 63.5552902222, 96.7668075562]],
        "icov": [[0.000243922666414, -0.000227332231589, 0.000574071600568, -0.000806039839517, 0.000476116867503, -0.000608072848991, 0.000103031306935, 0.000202676019398, -0.000461903546238, 0.000607673078775, -0.000672168622259, 0.000587884220295, -0.000242424037424], [-0.000227332231589, 0.0029345578514, -0.000740707560908, 0.000176410219865, -0.000546290189959, 0.00179704301991, -0.00272620655596, 0.00337440241128, -0.00310723902658, 0.00452239206061, -0.00409090332687, 0.00323241809383, -0.00184565584641], [0.000574071600568, -0.000740707560908, 0.0033864704892, -0.00270305946469, -0.00038288423093, -0.000867012247909, -0.00033569635707, -0.000150097897858, -0.000289631047053, 0.000332199968398, 0.000241208996158, -8.81540836417e-05, 0.00047619457473], [-0.000806039839517, 0.000176410219865, -0.00270305946469, 0.00632863119245, -0.0019931148272, -0.000753252825234, 0.000992120127194, -0.000714573718142, 0.000528780452441, -0.00141680019442, 0.00347094261087, -0.00130053563043, 0.000383038655855], [0.000476116867503, -0.000546290189959, -0.00038288423093, -0.0019931148272, 0.00608464097604, -0.00198248494416, -0.000386706611607, -0.000355840718839, -0.00167954654898, 0.00131352350581, -0.0019304176094, 0.00210694503039, -0.00280973454937], [-0.000608072848991, 0.00179704301991, -0.000867012247909, -0.000753252825234, -0.00198248494416, 0.00990248564631, -0.00465193111449, -0.000109107320895, -3.70163725165e-05, -0.000603478751145, -0.000743728596717, -0.000868164701387, 0.00170067383442], [0.000103031306935, -0.00272620655596, -0.00033569635707, 0.000992120127194, -0.000386706611607, -0.00465193111449, 0.00909355748445, -0.00577038014308, 0.00508692907169, -0.0063851820305, 0.00362526229583, -0.00570282479748, 0.00287220580503], [0.000202676019398, 0.00337440241128, -0.000150097897858, -0.000714573718142, -0.000355840718839, -0.000109107320895, -0.00577038014308, 0.0231364089996, -0.0176555421203, 0.0121367461979, -0.00973909907043, 0.00715041020885, -0.00309290876612], [-0.000461903546238, -0.00310723902658, -0.000289631047053, 0.000528780452441, -0.00167954654898, -3.70163725165e-05, 0.00508692907169, -0.0176555421203, 0.0268263313919, -0.0202818792313, 0.00799304340035, -0.00367857492529, -0.000188015590538], [0.000607673078775, 0.00452239206061, 0.000332199968398, -0.00141680019442, 0.00131352350581, -0.000603478751145, -0.0063851820305, 0.0121367461979, -0.0202818792313, 0.0333893150091, -0.02021834068, 0.0104570994154, -0.00278497580439], [-0.000672168622259, -0.00409090332687, 0.000241208996158, 0.00347094261087, -0.0019304176094, -0.000743728596717, 0.00362526229583, -0.00973909907043, 0.00799304340035, -0.02021834068, 0.0321697443724, -0.0189924836159, 0.00573834590614], [0.000587884220295, 0.00323241809383, -8.81540836417e-05, -0.00130053563043, 0.00210694503039, -0.000868164701387, -0.00570282479748, 0.00715041020885, -0.00367857492529, 0.0104570994154, -0.0189924836159, 0.0344057381153, -0.0189551450312], [-0.000242424037424, -0.00184565584641, 0.00047619457473, 0.000383038655855, -0.00280973454937, 0.00170067383442, 0.00287220580503, -0.00309290876612, -0.000188015590538, -0.00278497580439, 0.00573834590614, -0.0189551450312, 0.0234751068056]]
    },
    "melbands": {
        "dmean": [0.00397508405149, 0.00207341741771, 0.00101940566674, 0.000207951263292, 0.000142029486597, 8.24371891213e-05, 0.000169503866346, 0.000249458826147, 0.000115225360787, 5.87037247897e-05, 4.64290715172e-05, 4.7817316954e-05, 6.6391643486e-05, 7.57602174417e-05, 6.40495345579e-05, 5.03324408783e-05, 4.2301537178e-05, 3.29287431668e-05, 3.6581990571e-05, 2.93021366815e-05, 1.82401436177e-05, 2.74667854683e-05, 1.58769616974e-05, 9.0355397333e-06, 8.41087785375e-06, 8.68409097166e-06, 8.7634243755e-06, 5.62545892535e-06, 7.19711806596e-06, 6.83868029228e-06, 6.8264789661e-06, 4.71943667435e-06, 4.92431172461e-06, 3.19751052302e-06, 2.28510862144e-06, 1.46841910009e-06, 1.12785164674e-06, 4.53512257081e-07, 7.73099557705e-08, 4.04823419231e-09],
        "dmean2": [0.0059035862796, 0.00256996392272, 0.00176106195431, 0.000353096984327, 0.000231098078075, 0.000135710622999, 0.000258587650023, 0.000373022194253, 0.000172894884599, 9.10422822926e-05, 7.35794747015e-05, 7.40107207093e-05, 0.000105635153886, 0.000120733537187, 0.000100582838058, 8.36264662212e-05, 6.79521908751e-05, 5.15573010489e-05, 5.79022489546e-05, 4.5951888751e-05, 2.79652231256e-05, 4.4271000661e-05, 2.64120153588e-05, 1.49070456246e-05, 1.35451946335e-05, 1.37325641845e-05, 1.41443288157e-05, 8.46834336699e-06, 1.08362510218e-05, 1.17522276923e-05, 1.13593432616e-05, 7.26264897821e-06, 7.53660970076e-06, 4.73943600809e-06, 3.37543360729e-06, 2.06342110687e-06, 1.74050944679e-06, 7.11159145794e-07, 1.19618675853e-07, 5.86187631768e-09],
        "dvar": [4.46637714049e-05, 1.44595605889e-05, 8.37118841446e-06, 1.7887302306e-07, 6.12786408283e-08, 2.61813930535e-08, 1.18132604143e-07, 2.2625931706e-07, 9.25056582446e-08, 1.56791948314e-08, 1.29216672917e-08, 9.92276572021e-09, 2.29249614847e-08, 7.48002264572e-08, 5.37852642424e-08, 1.23567280852e-08, 7.56422480208e-09, 5.032543271e-09, 9.05817998387e-09, 4.13102752006e-09, 1.44432843463e-09, 3.59186014265e-09, 7.97071741943e-10, 2.96068447536e-10, 1.71975253482e-10, 2.02028851981e-10, 1.91275620343e-10, 7.81584935661e-11, 2.19815929348e-10, 2.87717322189e-10, 2.67846494983e-10, 8.99657709441e-11, 1.14154831421e-10, 3.65235723609e-11, 1.79454107824e-11, 4.97754051518e-12, 4.79455364299e-12, 9.56301010602e-13, 2.56633737427e-14, 4.67712270535e-17],
        "dvar2": [9.98321120278e-05, 2.29617307923e-05, 2.20522179006e-05, 4.83009841901e-07, 1.51477763666e-07, 6.63845796112e-08, 2.36023055322e-07, 4.82023608583e-07, 1.97551173642e-07, 3.57083109748e-08, 3.26208713375e-08, 2.35808546023e-08, 5.75945549031e-08, 1.86808520652e-07, 1.42887515153e-07, 3.05467899864e-08, 1.80002022176e-08, 1.14460938505e-08, 2.27971543865e-08, 9.28551990853e-09, 3.24367199767e-09, 8.58242277246e-09, 2.09236539206e-09, 7.70526309424e-10, 4.32079372281e-10, 4.90481877335e-10, 4.77161199441e-10, 1.64706609462e-10, 4.68129368603e-10, 7.9451650814e-10, 7.19848736175e-10, 2.05319442004e-10, 2.68451511021e-10, 7.25089918663e-11, 3.68965760722e-11, 9.11947687504e-12, 1.18527765727e-11, 2.45970930256e-12, 6.2001422605e-14, 8.64023567908e-17],
        "max": [0.0504921637475, 0.0354999937117, 0.0208788663149, 0.00572358025238, 0.00666092569008, 0.00360966287553, 0.0094920694828, 0.0119195738807, 0.0121383853257, 0.00325059751049, 0.00396785791963, 0.0024033759255, 0.00316686369479, 0.00870230048895, 0.00728337233886, 0.00209606089629, 0.00326390122063, 0.00186578929424, 0.00277590472251, 0.00131086155307, 0.000872372824233, 0.00144356221426, 0.000288856157567, 0.000158847105922, 0.000139969561133, 0.000435784750152, 0.000230902529438, 0.000149123268784, 0.000290142837912, 0.000140510805068, 0.000170995859662, 8.24086964712e-05, 7.86052405601e-05, 5.42720372323e-05, 4.77661269542e-05, 2.71700100711e-05, 2.21597529162e-05, 1.07119421955e-05, 1.65419885434e-06, 9.93799815774e-08],
        "mean": [0.00552538363263, 0.00367306452245, 0.000777621171437, 0.000263229332631, 0.000226894117077, 0.000118314652354, 0.000278669409454, 0.000469093240099, 0.000193957195734, 7.71305567469e-05, 6.98376534274e-05, 7.46877849451e-05, 9.69624015852e-05, 9.60812394624e-05, 7.98511464382e-05, 5.79459992878e-05, 5.54981488676e-05, 4.5519307605e-05, 4.84362499265e-05, 4.38722127001e-05, 3.03214546875e-05, 3.71537644241e-05, 1.94424246729e-05, 1.11905974336e-05, 1.20665790746e-05, 1.40451793413e-05, 1.37678280225e-05, 8.80275001691e-06, 9.64654645941e-06, 7.56548206482e-06, 7.77221521275e-06, 6.25348820904e-06, 6.03753460382e-06, 4.34323601439e-06, 3.31208138959e-06, 2.51962364928e-06, 1.63006018283e-06, 5.87108104355e-07, 1.08177907521e-07, 6.33554675389e-09],
        "median": [0.00118739588652, 0.000820142799057, 0.000105552426248, 0.000106246407086, 9.9358119769e-05, 4.12611916545e-05, 8.97854697541e-05, 0.000155360277859, 6.87729916535e-05, 3.16791119985e-05, 2.6460729714e-05, 2.91777214443e-05, 3.89728229493e-05, 3.13669406751e-05, 1.99640016945e-05, 1.65023193404e-05, 1.73144180735e-05, 1.59833070938e-05, 1.22397959785e-05, 1.37853621709e-05, 1.09694938146e-05, 1.05708659248e-05, 7.74715590524e-06, 5.33921775059e-06, 6.79794538883e-06, 6.95795506545e-06, 6.81849087414e-06, 4.46990270575e-06, 3.22692358168e-06, 2.31746389545e-06, 2.28621593124e-06, 2.18027753363e-06, 1.73186742813e-06, 1.47255218508e-06, 1.29989359721e-06, 1.16856654131e-06, 6.8942119924e-07, 2.28347204256e-07, 4.01042044018e-08, 2.74137601508e-09],
        "min": [1.40513561046e-24, 1.15934627391e-24, 5.14300036526e-25, 7.55659919088e-25, 1.168558986e-24, 1.76934697116e-24, 1.39204337905e-24, 2.234574929e-24, 2.65551288296e-24, 2.87902597083e-24, 2.57068903641e-24, 2.07344752531e-24, 2.75403253812e-24, 2.34724832652e-24, 8.28649274343e-25, 3.1004044011e-24, 3.37824633951e-24, 3.38326941133e-24, 2.79604884766e-24, 3.2203761425e-24, 3.53850816557e-24, 3.97698939999e-24, 3.8443400722e-24, 3.70552145769e-24, 4.21165974208e-24, 4.46876331615e-24, 4.78880891857e-24, 4.27299091644e-24, 5.11765347552e-24, 5.07113316465e-24, 4.35190816697e-24, 4.50078160257e-24, 4.48519923311e-24, 5.68238874237e-24, 5.15383379207e-24, 4.28943866632e-24, 5.52737086918e-24, 7.04668068503e-24, 6.78019163834e-24, 7.12286177151e-24],
        "var": [8.66869595484e-05, 3.98633637815e-05, 5.97271628067e-06, 1.80517616855e-07, 1.22237139522e-07, 4.83352522451e-08, 3.03118696365e-07, 6.75689250329e-07, 2.36196399328e-07, 2.29993162293e-08, 1.73873395681e-08, 1.80731447585e-08, 3.1346672813e-08, 7.65046976881e-08, 6.23057871962e-08, 1.45371688021e-08, 1.20866365805e-08, 8.0188842233e-09, 1.32721895696e-08, 8.53425685676e-09, 3.34477689989e-09, 6.81166367755e-09, 8.91417550886e-10, 2.92184804129e-10, 2.2891435969e-10, 3.44327621971e-10, 3.32430027949e-10, 1.38779834846e-10, 3.09466563486e-10, 2.33948915795e-10, 2.40081704517e-10, 1.18094201085e-10, 1.31912397672e-10, 5.39905238572e-11, 2.79262966918e-11, 1.0923395001e-11, 6.09297508281e-12, 9.96967916209e-13, 3.18238037105e-14, 8.75270378738e-17]
    },
    "mfcc": {
        "mean": [-648.736206055, 109.088409424, -18.7624950409, 33.0437431335, -14.9793558121, 20.7308654785, -12.8480043411, 16.1774864197, -9.30292701721, 16.2230567932, -5.18617534637, 13.6925134659, 0.907103300095],
        "cov": [[7563.22460938, 181.094528198, -150.273300171, 373.372528076, 105.876976013, 488.863433838, -80.0940704346, 329.673339844, -0.332191437483, 319.656738281, -10.6953239441, 268.418426514, -39.844959259], [181.094528198, 795.904602051, 107.747032166, 133.320281982, 44.6204032898, 60.1975402832, 117.027908325, 74.6640090942, 44.4395675659, 38.2628288269, 26.993391037, 25.1850013733, 46.886264801], [-150.273300171, 107.747032166, 537.922485352, 278.507110596, 169.282150269, 205.830856323, 143.580581665, 125.790939331, 121.59462738, 61.7735061646, 82.9937973022, 40.7540855408, 21.173789978], [373.372528076, 133.320281982, 278.507110596, 384.140655518, 224.342086792, 166.737884521, 94.8992843628, 111.343696594, 109.801071167, 78.7986373901, 42.0550460815, 35.3179779053, 22.5039825439], [105.876976013, 44.6204032898, 169.282150269, 224.342086792, 333.809417725, 130.126220703, 57.8608818054, 94.3304977417, 96.0656738281, 110.07900238, 27.3317546844, 33.8370742798, 49.349357605], [488.863433838, 60.1975402832, 205.830856323, 166.737884521, 130.126220703, 290.181121826, 179.648849487, 135.188781738, 115.58467865, 78.170249939, 98.0468826294, 80.6964187622, 37.5849189758], [-80.0940704346, 117.027908325, 143.580581665, 94.8992843628, 57.8608818054, 179.648849487, 245.863128662, 129.123718262, 102.88697052, 38.6148719788, 96.4844741821, 70.0097198486, 48.0758666992], [329.673339844, 74.6640090942, 125.790939331, 111.343696594, 94.3304977417, 135.188781738, 129.123718262, 174.873016357, 105.991325378, 74.9087371826, 58.3178253174, 72.9292678833, 52.4164237976], [-0.332191437483, 44.4395675659, 121.59462738, 109.801071167, 96.0656738281, 115.58467865, 102.88697052, 105.991325378, 161.417617798, 90.2090301514, 79.4435119629, 63.2424278259, 49.5813217163], [319.656738281, 38.2628288269, 61.7735061646, 78.7986373901, 110.07900238, 78.170249939, 38.6148719788, 74.9087371826, 90.2090301514, 189.148132324, 86.1224365234, 69.947883606, 54.8666572571], [-10.6953239441, 26.993391037, 82.9937973022, 42.0550460815, 27.3317546844, 98.0468826294, 96.4844741821, 58.3178253174, 79.4435119629, 86.1224365234, 149.999603271, 93.6520996094, 42.2098464966], [268.418426514, 25.1850013733, 40.7540855408, 35.3179779053, 33.8370742798, 80.6964187622, 70.0097198486, 72.9292678833, 63.2424278259, 69.947883606, 93.6520996094, 130.749221802, 68.28540802], [-39.844959259, 46.886264801, 21.173789978, 22.5039825439, 49.349357605, 37.5849189758, 48.0758666992, 52.4164237976, 49.5813217163, 54.8666572571, 42.2098464966, 68.28540802, 106.662612915]],
