{
"lowlevel": {
    "average_loudness": 0.932475864887,
    "barkbands_crest": {
        "dmean": 2.99949336052,
        "dmean2": 4.98874807358,
        "dvar": 6.90854787827,
        "dvar2": 18.1932239532,
        "max": 26.7128753662,
        "mean": 10.8207950592,
        "median": 9.8252658844,
        "min": 2.67906022072,
        "var": 23.6482944489
    },
    "barkbands_flatness_db": {
        "dmean": 0.0298432987183,
        "dmean2": 0.0488041639328,
        "dvar": 0.000772880099248,
        "dvar2": 0.0018995894352,
        "max": 0.500435471535,
        "mean": 0.190130338073,
        "median": 0.176120042801,
        "min": 0.0567323118448,
        "var": 0.00364121655002
    },
    "barkbands_kurtosis": {
        "dmean": 7.27844285965,
        "dmean2": 11.5155000687,
        "dvar": 680.944335938,
        "dvar2": 1598.81030273,
        "max": 935.052001953,
        "mean": 10.8446912766,
        "median": 1.74183535576,
        "min": -1.91678106785,
        "var": 1753.63830566
    },
    "barkbands_skewness": {
        "dmean": 0.780076920986,
        "dmean2": 1.2175219059,
        "dvar": 1.00057148933,
        "dvar2": 2.22670865059,
        "max": 25.9451084137,
        "mean": 1.97575986385,
        "median": 1.50250053406,
        "min": -3.06786060333,
        "var": 4.99151277542
    },
    "barkbands_spread": {
        "dmean": 6.53212213516,
        "dmean2": 10.4760332108,
        "dvar": 47.3297386169,
        "dvar2": 111.342163086,
        "max": 90.1288070679,
        "mean": 23.1073322296,
        "median": 22.1773147583,
        "min": 0.218541905284,
        "var": 178.366699219
    },
    "dissonance": {
        "dmean": 0.016185734421,
        "dmean2": 0.0270651653409,
        "dvar": 0.000245768140303,
        "dvar2": 0.000649440800771,
        "max": 0.499998778105,
        "mean": 0.470874637365,
        "median": 0.476582407951,
        "min": 0.256901323795,
        "var": 0.000542048830539
    },
    "dynamic_complexity": 2.81550765038,
    "erbbands_crest": {
        "dmean": 2.83143043518,
        "dmean2": 4.65014219284,
        "dvar": 7.2878446579,
        "dvar2": 17.8583965302,
        "max": 30.3765182495,
        "mean": 8.40449905396,
        "median": 7.16346073151,
        "min": 2.22033119202,
        "var": 18.6179790497
    },
    "erbbands_flatness_db": {
        "dmean": 0.0167059265077,
        "dmean2": 0.0252036321908,
        "dvar": 0.000253062316915,
        "dvar2": 0.00053241441492,
        "max": 0.403937458992,
        "mean": 0.189390093088,
        "median": 0.185742869973,
        "min": 0.0831801444292,
        "var": 0.00108444225043
    },
    "erbbands_kurtosis": {
        "dmean": 1.0942966938,
        "dmean2": 1.74247014523,
        "dvar": 4.75722455978,
        "dvar2": 9.77470779419,
        "max": 66.1604766846,
        "mean": 0.460251122713,
        "median": -0.388266801834,
        "min": -1.88379621506,
        "var": 11.738401413
    },
    "erbbands_skewness": {
        "dmean": 0.421555876732,
        "dmean2": 0.658672273159,
        "dvar": 0.185017630458,
        "dvar2": 0.412021636963,
        "max": 7.47539615631,
        "mean": 0.0952198505402,
        "median": 0.0368719398975,
        "min": -4.33031225204,
        "var": 0.867806434631
    },
    "erbbands_spread": {
        "dmean": 10.0844125748,
        "dmean2": 15.8603410721,
        "dvar": 108.715606689,
        "dvar2": 251.551040649,
        "max": 172.85546875,
        "mean": 43.1089553833,
        "median": 40.9199523926,
        "min": 2.43075609207,
        "var": 311.171447754
    },
    "hfc": {
        "dmean": 6.69012308121,
        "dmean2": 9.90618038177,
        "dvar": 66.2018432617,
        "dvar2": 153.136322021,
        "max": 100.913833618,
        "mean": 19.9099330902,
        "median": 16.997220993,
        "min": 1.09021557702e-16,
        "var": 256.822021484
    },
    "melbands_crest": {
        "dmean": 3.34719705582,
        "dmean2": 5.54033517838,
        "dvar": 7.93571329117,
        "dvar2": 20.7120494843,
        "max": 32.0488433838,
        "mean": 14.6460580826,
        "median": 14.3771381378,
        "min": 1.67992603779,
        "var": 27.0363121033
    },
    "melbands_flatness_db": {
        "dmean": 0.0345586389303,
        "dmean2": 0.0531724356115,
        "dvar": 0.00116221641656,
        "dvar2": 0.00254825945012,
        "max": 0.570362150669,
        "mean": 0.212066650391,
        "median": 0.195645645261,
        "min": 0.00341161643155,
        "var": 0.00729099707678
    },
    "melbands_kurtosis": {
        "dmean": 14.0898180008,
        "dmean2": 22.2794818878,
        "dvar": 1082.58459473,
        "dvar2": 2319.24462891,
        "max": 985.205627441,
        "mean": 25.4263553619,
        "median": 9.45143985748,
        "min": -1.83177924156,
        "var": 3326.22192383
    },
    "melbands_skewness": {
        "dmean": 1.0235401392,
        "dmean2": 1.62174105644,
        "dvar": 1.32406711578,
        "dvar2": 3.13440847397,
        "max": 24.1050796509,
        "mean": 3.33021378517,
        "median": 2.77362966537,
        "min": -2.06335759163,
        "var": 5.58549594879
    },
    "melbands_spread": {
        "dmean": 8.584897995,
        "dmean2": 13.7141609192,
        "dvar": 99.9360427856,
        "dvar2": 228.412963867,
        "max": 198.397521973,
        "mean": 24.8769454956,
        "median": 20.1502494812,
        "min": 0.283750981092,
        "var": 456.251190186
    },
    "pitch_salience": {
        "dmean": 0.0848886370659,
        "dmean2": 0.138983935118,
        "dvar": 0.00545449275523,
        "dvar2": 0.0141812190413,
        "max": 0.84989464283,
        "mean": 0.510768711567,
        "median": 0.519974350929,
        "min": 0.0509148389101,
        "var": 0.0166389364749
    },
    "silence_rate_20dB": {
        "dmean": 0,
        "dmean2": 0,
        "dvar": 0,
        "dvar2": 0,
        "max": 1,
        "mean": 1,
        "median": 1,
        "min": 1,
        "var": 0
    },
    "silence_rate_30dB": {
        "dmean": 0.0166386049241,
        "dmean2": 0.0332805067301,
        "dvar": 0.0163601823151,
        "dvar2": 0.0406895503402,
        "max": 1,
        "mean": 0.986036837101,
        "median": 1,
        "min": 0,
        "var": 0.0137711949646
    },
    "silence_rate_60dB": {
        "dmean": 0.0170347634703,
        "dmean2": 0.0340728983283,
        "dvar": 0.0167442839593,
        "dvar2": 0.0350897498429,
        "max": 1,
        "mean": 0.0632798597217,
        "median": 0,
        "min": 0,
        "var": 0.0592713020742
    },
    "spectral_centroid": {
        "dmean": 312.542877197,
        "dmean2": 488.218566895,
        "dvar": 113176.609375,
        "dvar2": 240954.625,
        "max": 11551.9892578,
        "mean": 1551.40686035,
        "median": 1448.49511719,
        "min": 144.563690186,
        "var": 1291206.375
    },
    "spectral_complexity": {
        "dmean": 4.29474115372,
        "dmean2": 6.14164018631,
        "dvar": 22.3117733002,
        "dvar2": 41.9547119141,
        "max": 57,
        "mean": 19.3668060303,
        "median": 19,
        "min": 0,
        "var": 121.180419922
    },
    "spectral_decrease": {
        "dmean": 3.47528139599e-09,
        "dmean2": 5.48988898785e-09,
        "dvar": 2.07381988152e-17,
        "dvar2": 4.94974588425e-17,
        "max": 2.21398887876e-28,
        "mean": -7.909435773e-09,
        "median": -6.28439078554e-09,
        "min": -6.73789486427e-08,
        "var": 4.40932331291e-17
    },
    "spectral_energy": {
        "dmean": 0.0135399969295,
        "dmean2": 0.0213152784854,
        "dvar": 0.000303870328935,
        "dvar2": 0.000721762829926,
        "max": 0.256940722466,
        "mean": 0.0316578894854,
        "median": 0.0255605652928,
        "min": 1.01334366786e-20,
        "var": 0.000664971128572
    },
    "spectral_energyband_high": {
        "dmean": 0.000392324232962,
        "dmean2": 0.000594184966758,
        "dvar": 3.43305117667e-07,
        "dvar2": 8.11491531749e-07,
        "max": 0.00698661152273,
        "mean": 0.000812225451227,
        "median": 0.0005454015336,
        "min": 7.01681884772e-21,
        "var": 8.00591578809e-07
    },
    "spectral_energyband_low": {
        "dmean": 0.00942837260664,
        "dmean2": 0.0154856666923,
        "dvar": 0.000237411935814,
        "dvar2": 0.000594988465309,
        "max": 0.248128265142,
        "mean": 0.0156367681921,
        "median": 0.00886000413448,
        "min": 1.64151225868e-23,
        "var": 0.000423263350967
    },
    "spectral_energyband_middle_high": {
        "dmean": 0.00214811391197,
        "dmean2": 0.00330154481344,
        "dvar": 8.81341475178e-06,
        "dvar2": 2.20351066673e-05,
        "max": 0.0411066375673,
        "mean": 0.0055248462595,
        "median": 0.00427361298352,
        "min": 1.12054205453e-21,
        "var": 2.76446407952e-05
    },
    "spectral_energyband_middle_low": {
        "dmean": 0.00616337545216,
        "dmean2": 0.00994849205017,
        "dvar": 8.15189705463e-05,
        "dvar2": 0.000204350362765,
        "max": 0.136290147901,
        "mean": 0.0112458243966,
        "median": 0.00817362777889,
        "min": 1.40216933568e-22,
        "var": 0.000125551116071
    },
    "spectral_entropy": {
        "dmean": 0.206873834133,
        "dmean2": 0.30617287755,
        "dvar": 0.0521810092032,
        "dvar2": 0.106263019145,
        "max": 9.82743263245,
        "mean": 7.49018669128,
        "median": 7.55343818665,
        "min": 4.62207651138,
        "var": 0.229556471109
    },
    "spectral_flux": {
        "dmean": 0.0287903081626,
        "dmean2": 0.0455033369362,
        "dvar": 0.00093491532607,
        "dvar2": 0.00213363557123,
        "max": 0.370455622673,
        "mean": 0.094898827374,
        "median": 0.0896484553814,
        "min": 6.49680517717e-11,
        "var": 0.00250759790652
    },
    "spectral_kurtosis": {
        "dmean": 1.86003911495,
        "dmean2": 3.19167566299,
        "dvar": 5.07943439484,
        "dvar2": 12.428560257,
        "max": 62.3486251831,
        "mean": 2.50362873077,
        "median": 1.7522881031,
        "min": -1.28834033012,
        "var": 10.1208581924
    },
    "spectral_rms": {
        "dmean": 0.00111663714051,
        "dmean2": 0.00171265762765,
        "dvar": 1.29089346501e-06,
        "dvar2": 2.90844445772e-06,
        "max": 0.0158326830715,
        "mean": 0.00509703485295,
        "median": 0.00499370973557,
        "min": 3.14424549765e-12,
        "var": 4.90606089443e-06
    },
    "spectral_rolloff": {
        "dmean": 500.92779541,
        "dmean2": 850.535766602,
        "dvar": 495910.5,
        "dvar2": 1124954.125,
        "max": 19659.8144531,
        "mean": 1497.16662598,
        "median": 1076.66015625,
        "min": 64.599609375,
        "var": 3819541
    },
    "spectral_skewness": {
        "dmean": 0.247633427382,
        "dmean2": 0.404695421457,
        "dvar": 0.0700327455997,
        "dvar2": 0.160150170326,
        "max": 6.58984804153,
        "mean": 1.04147076607,
        "median": 0.939861297607,
        "min": -0.307814478874,
        "var": 0.238319575787
    },
    "spectral_spread": {
        "dmean": 411664.375,
        "dmean2": 619442.8125,
        "dvar": 516199612416,
        "dvar2": 1.04082348442e+12,
        "max": 52498968,
        "mean": 4053589,
        "median": 3630037.5,
        "min": 1249295.5,
        "var": 1.2143123497e+13
    },
    "spectral_strongpeak": {
        "dmean": 0.520159125328,
        "dmean2": 0.904654681683,
        "dvar": 1.31117510796,
        "dvar2": 3.4882581234,
        "max": 16.6908740997,
        "mean": 0.72251033783,
        "median": 0.371241360903,
        "min": 0,
        "var": 1.51730632782
    },
    "zerocrossingrate": {
        "dmean": 0.00953050330281,
        "dmean2": 0.0115866204724,
        "dvar": 0.000102292833617,
        "dvar2": 0.000145134996274,
        "max": 0.5283203125,
        "mean": 0.0578819252551,
        "median": 0.05224609375,
        "min": 0.00244140625,
        "var": 0.00248609133996
    },
    "barkbands": {
        "dmean": [0.000133180132252, 0.00582351954654, 0.00403041113168, 0.00236820452847, 0.00304276775569, 0.000946413725615, 0.000752544496208, 0.000505762407556, 0.000754306209274, 0.000600420811679, 0.000333173549734, 0.000410907407058, 0.000379836536013, 0.00039384275442, 0.00025554234162, 0.000263518770225, 0.000270087824902, 0.000463126198156, 0.000309818191454, 0.000176470290171, 0.000128638828755, 0.000132687506266, 9.6523493994e-05, 3.77248215955e-05, 1.03672346086e-06, 1.25343235791e-09, 1.32524857754e-09],
        "dmean2": [0.000227402648306, 0.009266695939, 0.00699549354613, 0.00407862151042, 0.00489127309993, 0.00155877496582, 0.00120260275435, 0.00083164969692, 0.00125819828827, 0.00099536916241, 0.000563693989534, 0.000661864120048, 0.000617514713667, 0.000636036798824, 0.00041608788888, 0.00043562380597, 0.000439502822701, 0.000750768755097, 0.000506636453792, 0.000286547350697, 0.000203660543775, 0.000207508419408, 0.000151302912855, 5.99462728132e-05, 1.66692075254e-06, 2.31156582764e-09, 2.44338238531e-09],
        "dvar": [7.97486734427e-08, 0.000134878806421, 5.32538469997e-05, 2.22461530939e-05, 3.03688993881e-05, 2.77637718682e-06, 3.15054853672e-06, 9.08169283775e-07, 3.02016724163e-06, 2.02537239602e-06, 8.70932638009e-07, 6.26767985068e-07, 4.79474067561e-07, 5.99262875767e-07, 3.37055837463e-07, 2.698621131e-07, 2.69608278813e-07, 1.29587272113e-06, 2.7877570119e-07, 7.90885650304e-08, 4.17777137329e-08, 3.83076290689e-08, 2.38875372816e-08, 3.86902243577e-09, 6.193464578e-12, 3.27128673723e-18, 3.66484893292e-18],
        "dvar2": [2.12368135522e-07, 0.000342492858181, 0.000157758928253, 6.10405768384e-05, 7.48875754653e-05, 7.02348143022e-06, 7.69549023971e-06, 2.31869330491e-06, 8.1980442701e-06, 5.32621470484e-06, 2.42380974669e-06, 1.57218244112e-06, 1.22631240629e-06, 1.48886658735e-06, 8.84171868165e-07, 7.23811353964e-07, 6.95025676123e-07, 3.29259978571e-06, 7.36039908134e-07, 2.09224324976e-07, 1.0399875805e-07, 9.3400814194e-08, 5.85813637599e-08, 9.44669231728e-09, 1.47005688872e-11, 1.03945691258e-17, 1.1643603579e-17],
        "max": [0.0060540381819, 0.235843509436, 0.101957462728, 0.0923627540469, 0.0843092724681, 0.0211009196937, 0.0440458804369, 0.0171770658344, 0.0313299372792, 0.0241404026747, 0.0151353534311, 0.0220031496137, 0.0128107070923, 0.0150895053521, 0.012208217755, 0.0104153016582, 0.0113144246861, 0.0199221279472, 0.00893087498844, 0.00557786691934, 0.00323636527173, 0.00238924915902, 0.00216118968092, 0.000997932627797, 0.000113485795737, 1.84467339182e-08, 1.97139424785e-08],
        "mean": [0.000146054342622, 0.00900327414274, 0.00501257134601, 0.0028869130183, 0.00413934979588, 0.00141267140862, 0.00104871962685, 0.000659655139316, 0.000973026209977, 0.000793942366727, 0.000381012214348, 0.000603753200267, 0.000554950733203, 0.000580261403229, 0.000379573553801, 0.000399466021918, 0.000422579585575, 0.000731520936824, 0.000539794040378, 0.000309432973154, 0.000222842529183, 0.000235681392951, 0.000158261143952, 6.12123403698e-05, 1.33839944283e-06, 9.9570474088e-10, 1.04844344317e-09],
        "median": [3.8085563574e-05, 0.00409087492153, 0.00208993675187, 0.00100625143386, 0.00175410951488, 0.000652756076306, 0.000380431010853, 0.000256230181549, 0.000348140602, 0.000263752008323, 0.000134841029649, 0.000264857371803, 0.000236277759541, 0.00023221509764, 0.000164040597156, 0.000179599766852, 0.00018513444229, 0.000168820493855, 0.000282148190308, 0.000184614458703, 0.000124861195218, 0.00013359451259, 8.27873736853e-05, 3.06673864543e-05, 5.28162274804e-07, 3.43169437311e-10, 3.59094753932e-10],
        "min": [8.08015236861e-25, 2.46264566075e-24, 3.41344551032e-25, 3.16853575368e-25, 6.53124922475e-24, 1.03809125303e-23, 5.59922268701e-24, 2.29807783744e-24, 1.45262992789e-23, 1.5655790323e-23, 1.27013027068e-23, 3.13613135929e-23, 3.27941027224e-23, 2.77875023241e-23, 5.55401622398e-23, 5.43868602181e-23, 4.49898165865e-23, 9.7753630202e-23, 1.42302833263e-22, 1.96594802981e-22, 2.8381986009e-22, 2.96054221828e-22, 3.1802358152e-22, 6.42175943319e-22, 8.36846771349e-22, 1.32751542712e-21, 2.00389996387e-21],
        "var": [8.93118681233e-08, 0.000229489043704, 6.30459398963e-05, 2.43689682975e-05, 4.10313041357e-05, 4.47729280495e-06, 4.54728069599e-06, 1.23329721191e-06, 3.61428419637e-06, 2.81364214061e-06, 7.26801488327e-07, 1.06364393559e-06, 7.77807883878e-07, 1.02992817119e-06, 5.02491388943e-07, 4.29416360248e-07, 4.95286201385e-07, 2.59517537415e-06, 5.56023223908e-07, 1.60540082561e-07, 8.53628350228e-08, 7.98943631253e-08, 4.04770368334e-08, 6.4158762747e-09, 8.04363260026e-12, 2.72706682785e-18, 3.05955807212e-18]
    },
    "erbbands": {
        "dmean": [0.152029573917, 1.43084967136, 3.7790915966, 7.0424079895, 10.8605651855, 7.78786325455, 9.08780097961, 8.03525924683, 11.6380882263, 7.99194002151, 11.9302406311, 16.2134189606, 17.0969734192, 16.6416816711, 14.4914083481, 13.30327034, 15.0417280197, 17.5677146912, 15.0819740295, 13.1436567307, 15.8839445114, 14.8378400803, 24.0612735748, 17.0790481567, 13.3375692368, 8.43103218079, 5.81536579132, 4.68691062927, 5.26718616486, 3.45718407631, 2.71087431908, 1.29270803928, 0.351512491703, 0.0329984687269, 0.00102940422948, 8.14942322904e-05, 1.65392375493e-05, 4.66641813546e-06, 7.09441292202e-06, 1.53714554472e-05],
        "dmean2": [0.239985525608, 2.30448079109, 6.39911651611, 12.2955799103, 18.2433052063, 12.2879858017, 14.788228035, 12.9571275711, 18.6623153687, 12.8469591141, 19.7088394165, 27.0484867096, 28.0003738403, 28.115940094, 23.9116268158, 21.4082622528, 24.1154880524, 28.2793712616, 24.1624164581, 21.0778999329, 26.2172794342, 24.0609321594, 39.1992034912, 27.6697769165, 21.4696483612, 13.5935935974, 9.27967453003, 7.39477586746, 8.29175758362, 5.41006135941, 4.23598766327, 2.04254031181, 0.552305281162, 0.0516014993191, 0.00158983573783, 0.000123366873595, 2.45455812546e-05, 7.01851922713e-06, 1.08053318399e-05, 2.39779037656e-05],
        "dvar": [0.0990035235882, 7.9354300499, 40.9065055847, 177.258850098, 617.043029785, 193.12310791, 270.309997559, 202.593276978, 815.429626465, 277.558135986, 536.785827637, 1499.29736328, 1322.48718262, 2087.58691406, 895.70111084, 558.303039551, 810.551330566, 1282.85852051, 923.868164062, 1106.67089844, 1046.70349121, 851.400024414, 3619.36767578, 1290.88647461, 520.064697266, 186.998519897, 89.5049514771, 61.9374580383, 60.2284164429, 28.3809299469, 19.147064209, 4.41879892349, 0.351821064949, 0.00439909193665, 3.8285638766e-06, 1.87310238431e-08, 5.91670323846e-10, 4.53455918648e-11, 7.09687725253e-11, 3.66854796541e-10],
        "dvar2": [0.232276037335, 20.9310855865, 111.554092407, 521.513549805, 1611.88061523, 443.178131104, 659.036437988, 504.735290527, 1987.68322754, 689.318725586, 1421.00378418, 4078.03369141, 3410.85620117, 5744.35693359, 2426.73583984, 1399.42834473, 2055.45678711, 3170.74389648, 2415.0324707, 2757.58203125, 2774.53833008, 2200.97949219, 9203.26269531, 3262.59936523, 1324.3458252, 490.933929443, 224.291259766, 153.642669678, 149.343566895, 70.0139312744, 46.7900772095, 10.7543296814, 0.827888309956, 0.00990083161741, 8.50969991006e-06, 4.29059419105e-08, 1.34849587052e-09, 1.04869023188e-10, 1.60606458688e-10, 8.61126336904e-10],
        "max": [7.25918674469, 50.127696991, 86.1409378052, 186.366363525, 442.139251709, 246.435592651, 248.504104614, 264.000366211, 804.317749023, 342.259124756, 450.692230225, 710.117004395, 729.14276123, 875.544555664, 573.922729492, 550.567260742, 607.525390625, 832.137756348, 821.74822998, 879.95715332, 713.006286621, 774.826843262, 1037.85803223, 645.451660156, 425.741851807, 326.875366211, 193.315139771, 101.395500183, 110.064407349, 61.0942687988, 62.2981643677, 26.6583595276, 13.135559082, 2.56583857536, 0.0682526603341, 0.00344394147396, 0.000410668639233, 8.20930363261e-05, 0.000117024312203, 0.000279632949969],
        "mean": [0.228589370847, 2.14541530609, 5.19848394394, 8.80355453491, 13.809176445, 10.8139505386, 12.5982522964, 12.3650636673, 16.3920230865, 11.7112751007, 15.9124126434, 21.1791954041, 24.3972015381, 21.5766448975, 20.5075702667, 20.9569606781, 23.5087184906, 27.4569721222, 24.2117786407, 20.8116378784, 24.6986198425, 25.088142395, 39.7488479614, 30.9112873077, 24.1298141479, 15.3561315536, 10.5151872635, 7.70151519775, 9.25803565979, 6.04833173752, 4.38136053085, 2.07444429398, 0.571222901344, 0.050234336406, 0.00168288627174, 0.000158454917255, 3.87880390917e-05, 1.09689062811e-05, 1.8767099391e-05, 3.7692974729e-05],
        "median": [0.0727430731058, 1.00250566006, 2.60356497765, 3.52843427658, 3.84364700317, 4.68487930298, 5.21200752258, 5.95771694183, 6.28847122192, 5.49803066254, 6.51498413086, 7.94706344604, 9.87529754639, 9.40857982635, 10.0323066711, 10.6576747894, 11.2628822327, 11.5863704681, 11.8997974396, 9.49518871307, 11.480096817, 13.1073093414, 12.5982151031, 12.7632369995, 13.1244564056, 9.22702598572, 6.10904598236, 4.4044380188, 5.25557041168, 3.43119382858, 2.18759250641, 1.09172868729, 0.286017417908, 0.0245019868016, 0.00088000507094, 9.90456537693e-05, 2.86498579953e-05, 7.95661617303e-06, 1.60699164553e-05, 3.13468808599e-05],
        "min": [9.86691379923e-23, 2.29859956638e-22, 1.66604212203e-21, 2.30945939163e-21, 2.05325534302e-20, 2.4618775573e-20, 3.96145810328e-20, 1.05624501874e-19, 1.36104453086e-19, 1.32894384848e-19, 2.01286686021e-19, 3.6510560581e-19, 4.18170250232e-19, 7.6574926888e-19, 8.04806204164e-19, 1.49414099335e-18, 1.84514484992e-18, 2.21874676385e-18, 2.5085687234e-18, 2.84625548911e-18, 3.31797032946e-18, 3.86915055011e-18, 6.73059783155e-18, 6.01935444006e-18, 7.96767332099e-18, 8.39178536466e-18, 8.36229968454e-18, 9.63621821206e-18, 1.11737682998e-17, 1.11162891734e-17, 8.4014815758e-18, 1.19635222983e-17, 1.0174388536e-17, 8.51932420741e-18, 6.3453876785e-18, 4.07169234054e-18, 2.49309072658e-18, 9.04017626448e-19, 2.38978760369e-19, 2.74637340429e-20],
        "var": [0.190719470382, 12.0506401062, 53.3751678467, 205.563858032, 736.32989502, 273.884246826, 378.610809326, 342.116760254, 1162.4855957, 396.23046875, 725.336181641, 1780.98339844, 2062.84838867, 1906.21289062, 1118.39794922, 1007.83880615, 1329.52661133, 2350.37817383, 1463.5447998, 1834.76611328, 1719.16394043, 1641.60522461, 7258.17089844, 2844.33520508, 1086.05749512, 392.766387939, 200.128707886, 99.605178833, 124.098709106, 54.0201034546, 32.5269241333, 7.09275054932, 0.608142971992, 0.00683378567919, 6.34405114397e-06, 3.46150912378e-08, 1.3289584988e-09, 1.13107148647e-10, 1.90253160448e-10, 8.56065329735e-10]
    },
    "gfcc": {
        "mean": [-42.5612030029, 137.494522095, -154.706726074, 74.4221420288, -66.9537811279, 15.4304561615, -18.2439098358, -15.7185220718, 3.15233039856, -27.212310791, 8.42597579956, -18.0227527618, -0.911930263042],
        "cov": [[17280.9785156, 1043.48425293, -2296.35791016, 1032.19458008, -746.14642334, 265.248504639, -211.845046997, 13.1523065567, 20.5440940857, -239.5650177, 115.946022034, -152.922698975, -45.6490974426], [1043.48425293, 950.321594238, 141.277664185, -54.9812927246, 130.262298584, -70.5790863037, 128.145645142, -109.573440552, 60.3383598328, -12.2244548798, -10.4875860214, -59.2219161987, 57.6137046814], [-2296.35791016, 141.277664185, 924.97454834, 36.3759231567, 266.343780518, 55.5202522278, 104.022033691, -26.2567005157, 15.8762454987, 27.4912223816, -19.2735214233, -5.19644117355, 12.7430467606], [1032.19458008, -54.9812927246, 36.3759231567, 377.553619385, 109.464569092, 93.8610534668, 34.2824287415, 41.7795791626, 6.63615369797, -23.8108386993, 29.2723026276, 8.28081989288, -39.7749290466], [-746.14642334, 130.262298584, 266.343780518, 109.464569092, 383.661865234, 35.321598053, 145.025177002, 13.6646203995, 26.8550186157, 12.7720947266, 8.91984844208, 8.09602928162, -24.1727828979], [265.248504639, -70.5790863037, 55.5202522278, 93.8610534668, 35.321598053, 185.597183228, 51.4263534546, 52.9136619568, 21.0512466431, 15.0916690826, 11.4179925919, -11.4373912811, -5.82130002975], [-211.845046997, 128.145645142, 104.022033691, 34.2824287415, 145.025177002, 51.4263534546, 195.912261963, 71.3711166382, 59.392906189, 38.966884613, 6.44717359543, 14.1052074432, 8.87206935883], [13.1523065567, -109.573440552, -26.2567005157, 41.7795791626, 13.6646203995, 52.9136619568, 71.3711166382, 134.501419067, 65.4568710327, 37.9806022644, 22.5705471039, 19.7907676697, -0.640675425529], [20.5440940857, 60.3383598328, 15.8762454987, 6.63615369797, 26.8550186157, 21.0512466431, 59.392906189, 65.4568710327, 102.908790588, 68.8419265747, 19.2956962585, 9.16765880585, 16.3457489014], [-239.5650177, -12.2244548798, 27.4912223816, -23.8108386993, 12.7720947266, 15.0916690826, 38.966884613, 37.9806022644, 68.8419265747, 107.812507629, 43.4388504028, 20.1559123993, 22.1169910431], [115.946022034, -10.4875860214, -19.2735214233, 29.2723026276, 8.91984844208, 11.4179925919, 6.44717359543, 22.5705471039, 19.2956962585, 43.4388504028, 83.3534545898, 45.7481231689, 3.58298373222], [-152.922698975, -59.2219161987, -5.19644117355, 8.28081989288, 8.09602928162, -11.4373912811, 14.1052074432, 19.7907676697, 9.16765880585, 20.1559123993, 45.7481231689, 81.336227417, 30.9457798004], [-45.6490974426, 57.6137046814, 12.7430467606, -39.7749290466, -24.1727828979, -5.82130002975, 8.87206935883, -0.640675425529, 16.3457489014, 22.1169910431, 3.58298373222, 30.9457798004, 85.0352935791]],
        "icov": [[0.000265006470727, -0.000649116700515, 0.000637977209408, -0.000892061507329, 0.000454682536656, -0.000489645171911, 0.00036160525633, -0.000325912784319, 0.000290692871204, -7.54534266889e-05, 7.57935413276e-05, -3.42083440046e-05, 9.77440504357e-05], [-0.000649116700515, 0.00498508522287, -0.00167900032829, 0.00240610097535, -0.00105204270221, 0.00273124710657, -0.00490557495505, 0.00652824575081, -0.00699391681701, 0.00583947775885, -0.00589027954265, 0.00598597992212, -0.00400464283302], [0.000637977209408, -0.00167900032829, 0.00299567682669, -0.00207609729841, 6.93466135999e-05, -0.00169561116491, 0.000978715717793, -0.000410715001635, 0.00106835283805, -0.00103045778815, 0.00111279974226, -0.000439336319687, 3.41172017215e-05], [-0.000892061507329, 0.00240610097535, -0.00207609729841, 0.00682311784476, -0.0026139812544, 1.44097539305e-05, -0.000851875927765, 0.000960671459325, -0.00243163364939, 0.00295675476082, -0.00227370206267, 4.37869384768e-05, 0.000525813200511], [0.000454682536656, -0.00105204270221, 6.93466135999e-05, -0.0026139812544, 0.00587126193568, -0.000310413044645, -0.00318072619848, 0.00128412654158, -0.000156936657731, 0.000331886549247, -0.000420867087087, -0.000573968980461, 0.00188354938291], [-0.000489645171911, 0.00273124710657, -0.00169561116491, 1.44097539305e-05, -0.000310413044645, 0.00919033866376, -0.003796010511, 0.000424926663982, -0.00163106108084, 0.00188537407666, -0.00426387041807, 0.00614864844829, -0.00314712943509], [0.00036160525633, -0.00490557495505, 0.000978715717793, -0.000851875927765, -0.00318072619848, -0.003796010511, 0.0155520150438, -0.0110445134342, 0.00594848999754, -0.00762389739975, 0.00896096043289, -0.00813161674887, 0.00352392881177], [-0.000325912784319, 0.00652824575081, -0.000410715001635, 0.000960671459325, 0.00128412654158, 0.000424926663982, -0.0110445134342, 0.0249755959958, -0.0193284098059, 0.0111254295334, -0.00968175474554, 0.00589759321883, -0.00326906517148], [0.000290692871204, -0.00699391681701, 0.00106835283805, -0.00243163364939, -0.000156936657731, -0.00163106108084, 0.00594848999754, -0.0193284098059, 0.0367331393063, -0.0241589080542, 0.0130568314344, -0.00787218566984, 0.00421185418963], [-7.54534266889e-05, 0.00583947775885, -0.00103045778815, 0.00295675476082, 0.000331886549247, 0.00188537407666, -0.00762389739975, 0.0111254295334, -0.0241589080542, 0.0325805842876, -0.0209541767836, 0.0123764304444, -0.00880794040859], [7.57935413276e-05, -0.00589027954265, 0.00111279974226, -0.00227370206267, -0.000420867087087, -0.00426387041807, 0.00896096043289, -0.00968175474554, 0.0130568314344, -0.0209541767836, 0.035481762141, -0.0242718216032, 0.0116599053144], [-3.42083440046e-05, 0.00598597992212, -0.000439336319687, 4.37869384768e-05, -0.000573968980461, 0.00614864844829, -0.00813161674887, 0.00589759321883, -0.00787218566984, 0.0123764304444, -0.0242718216032, 0.0351284965873, -0.0163040570915], [9.77440504357e-05, -0.00400464283302, 3.41172017215e-05, 0.000525813200511, 0.00188354938291, -0.00314712943509, 0.00352392881177, -0.00326906517148, 0.00421185418963, -0.00880794040859, 0.0116599053144, -0.0163040570915, 0.0216173622757]]
    },
    "melbands": {
        "dmean": [0.00149924575817, 0.00190459296573, 0.00127049314324, 0.000652098329738, 0.000341658946127, 0.000181642302778, 0.000166255151271, 9.15942655411e-05, 9.9688048067e-05, 0.000106178820715, 8.95973353181e-05, 7.37950540497e-05, 4.8526620958e-05, 4.99414563819e-05, 3.34167743858e-05, 3.80620003853e-05, 3.28868554789e-05, 2.92062104563e-05, 1.76353914867e-05, 1.71332594618e-05, 1.88156100194e-05, 1.55445759447e-05, 1.83435095096e-05, 2.74981684925e-05, 1.36821809065e-05, 1.28894234876e-05, 7.86643340689e-06, 5.65453183299e-06, 4.4418102334e-06, 2.78293646261e-06, 2.91463720714e-06, 3.20888284477e-06, 2.63501624431e-06, 1.94066956283e-06, 1.71592012066e-06, 1.20167123896e-06, 7.09887331141e-07, 2.99477534327e-07, 8.38257676605e-08, 6.73031319565e-09],
        "dmean2": [0.0023629553616, 0.00315513671376, 0.00216935668141, 0.0010609140154, 0.000547137344256, 0.000293454737402, 0.000266419578111, 0.000147944199853, 0.000165525692864, 0.000176953835762, 0.000146987906191, 0.000124299607705, 8.06753378129e-05, 8.04686205811e-05, 5.38216845598e-05, 6.21280778432e-05, 5.31559853698e-05, 4.7098237701e-05, 2.86430895358e-05, 2.80145432043e-05, 3.1024494092e-05, 2.5243482014e-05, 2.99547755276e-05, 4.44514662377e-05, 2.22725357162e-05, 2.09276950045e-05, 1.26796467157e-05, 9.24094183574e-06, 7.19138415661e-06, 4.41927613792e-06, 4.66504479846e-06, 5.08060020366e-06, 4.20617834607e-06, 3.13550435749e-06, 2.71726230494e-06, 1.89864908862e-06, 1.14529620987e-06, 4.73605837215e-07, 1.3418518563e-07, 1.06648760934e-08],
        "dvar": [9.45120518736e-06, 9.70693872659e-06, 5.46947467228e-06, 1.64728101026e-06, 4.19936043272e-07, 9.68911706423e-08, 1.59048568094e-07, 3.15605070966e-08, 4.31556550495e-08, 6.27282972232e-08, 3.68404116102e-08, 3.81049929388e-08, 1.28928050458e-08, 1.00972483708e-08, 4.5672479132e-09, 5.24008392233e-09, 4.41348424474e-09, 3.59206864253e-09, 1.38116884596e-09, 1.45399003948e-09, 1.53858126239e-09, 1.23034626931e-09, 1.66030789117e-09, 5.71816149986e-09, 9.18624121216e-10, 5.36235555959e-10, 2.22447477105e-10, 1.04594839734e-10, 6.30638388732e-11, 2.20511282845e-11, 2.39603822894e-11, 2.51302260251e-11, 1.50415010308e-11, 9.74534689058e-12, 7.86135306158e-12, 3.85895091923e-12, 1.3565853085e-12, 2.45106506706e-13, 2.93250903974e-14, 2.41766708311e-16],
        "dvar2": [2.33620121435e-05, 2.5321256544e-05, 1.52885095304e-05, 4.1472499106e-06, 9.90677449408e-07, 2.4229666451e-07, 3.88976246768e-07, 7.8725122421e-08, 1.16907195036e-07, 1.69907153236e-07, 9.4981722043e-08, 1.04157670933e-07, 3.53013618337e-08, 2.53435619157e-08, 1.11280833437e-08, 1.36032296538e-08, 1.10881526183e-08, 9.24129572866e-09, 3.54030649241e-09, 3.83300324813e-09, 4.0552476932e-09, 3.18606052652e-09, 4.14226208889e-09, 1.43459812918e-08, 2.32483476914e-09, 1.35300382009e-09, 5.75773262401e-10, 2.79013728788e-10, 1.59105714714e-10, 5.51458462228e-11, 6.01911923082e-11, 6.20777179661e-11, 3.87487993081e-11, 2.46708469626e-11, 1.95723767055e-11, 9.3590551975e-12, 3.40089566751e-12, 5.82377462227e-13, 6.86014762249e-14, 5.0742387502e-16],
        "max": [0.0673388317227, 0.0486555658281, 0.0371014177799, 0.0212913118303, 0.011374078691, 0.00517407106236, 0.0106068048626, 0.00323660369031, 0.00378829985857, 0.00423718849197, 0.00377663737163, 0.00389646156691, 0.00177775113843, 0.00314541044645, 0.00195246352814, 0.00110472773667, 0.00144497375004, 0.00142027228139, 0.000798950030003, 0.000855336198583, 0.000856394297443, 0.00100933713838, 0.000735744368285, 0.00161561719142, 0.000530184828676, 0.000383540958865, 0.000251818913966, 0.000310480623739, 0.000183970929356, 6.46061889711e-05, 6.0547641624e-05, 8.90771843842e-05, 4.90078673465e-05, 4.11866567447e-05, 4.32413289673e-05, 2.52666850429e-05, 1.65406381711e-05, 1.1541742424e-05, 6.22480820311e-06, 7.32926082492e-07],
        "mean": [0.00234552496113, 0.00286936736666, 0.00172428775113, 0.000884160806891, 0.000473130552564, 0.000278478866676, 0.000235586645431, 0.000130658998387, 0.000129564708914, 0.000136614326038, 0.000125972030219, 9.4281953352e-05, 6.27350163995e-05, 7.22294134903e-05, 4.82688883494e-05, 5.70379634155e-05, 4.92925355502e-05, 4.32138367614e-05, 2.66878651018e-05, 2.60977321886e-05, 2.7742518796e-05, 2.41332327278e-05, 2.83062690869e-05, 4.10863358411e-05, 2.26125230256e-05, 2.15888321691e-05, 1.31528913698e-05, 9.2375676104e-06, 7.54981783757e-06, 4.18102581534e-06, 4.43534236183e-06, 5.29083172296e-06, 4.40446865468e-06, 3.09055394609e-06, 2.67562700174e-06, 1.7886330852e-06, 1.09928043912e-06, 4.73010913993e-07, 1.16640599401e-07, 9.18799436533e-09],
        "median": [0.000918887904845, 0.00163645180874, 0.000677249510773, 0.000359593948815, 0.000186214034329, 0.000134923437145, 9.16528224479e-05, 5.83789224038e-05, 5.21522379131e-05, 4.80242088088e-05, 4.8615544074e-05, 3.78803088097e-05, 2.74847443507e-05, 3.00641950162e-05, 1.93808064068e-05, 2.27836098929e-05, 1.98781672225e-05, 1.74197048182e-05, 1.187648013e-05, 1.17433282867e-05, 1.07756495709e-05, 1.00347788248e-05, 1.08642834675e-05, 8.23509617476e-06, 8.76891681401e-06, 1.03881593532e-05, 6.8349168032e-06, 5.02911552758e-06, 3.90177592635e-06, 2.11401766137e-06, 2.40271288021e-06, 2.75846832665e-06, 2.51444180321e-06, 1.64218499776e-06, 1.237831043e-06, 9.35066850616e-07, 5.39537211353e-07, 2.29382607131e-07, 5.27593293498e-08, 3.81572773378e-09],
        "min": [1.26347808277e-24, 5.93997667705e-25, 7.12656547346e-25, 2.11343784282e-24, 1.60513630462e-24, 2.06712579123e-24, 1.79886141307e-24, 1.21854604472e-24, 2.09475899709e-24, 2.04282532548e-24, 2.02026094536e-24, 2.80657521036e-24, 2.17276964923e-24, 2.65086728109e-24, 3.36602333422e-24, 3.487378146e-24, 3.59137880673e-24, 2.75414830346e-24, 2.69539946527e-24, 3.83165952757e-24, 3.38039283003e-24, 2.54507492003e-24, 3.53625241781e-24, 4.62749909079e-24, 4.35877441229e-24, 5.29037417629e-24, 6.01101951802e-24, 4.4062898712e-24, 4.1223709428e-24, 5.73024932792e-24, 3.92496915089e-24, 5.27089956712e-24, 4.88907077304e-24, 5.77734629612e-24, 4.39175274243e-24, 5.34853807412e-24, 6.30198770747e-24, 6.96580903161e-24, 6.43181054664e-24, 6.72633294889e-24],
        "var": [1.71018400579e-05, 1.44280393215e-05, 6.95367180015e-06, 2.13053567677e-06, 5.85423720167e-07, 1.6472044706e-07, 2.27613028869e-07, 4.54693847018e-08, 5.52097638717e-08, 7.64240297713e-08, 5.7687802979e-08, 3.7162045885e-08, 1.31649882107e-08, 1.70002945055e-08, 8.09757150222e-09, 8.61240678773e-09, 7.76431896554e-09, 5.69725333577e-09, 2.27612440007e-09, 2.21418350321e-09, 2.52218490537e-09, 2.30422680936e-09, 3.1911728815e-09, 1.03164330412e-08, 1.80128423288e-09, 1.03354214076e-09, 4.26393920172e-10, 1.84225121269e-10, 1.35451205807e-10, 3.44849045153e-11, 3.52104422008e-11, 4.71536421021e-11, 2.95985840004e-11, 1.58930195393e-11, 1.28124490184e-11, 5.74755000537e-12, 2.13625818424e-12, 4.24583708036e-13, 4.15613690111e-14, 3.85339401675e-16]
    },
    "mfcc": {
        "mean": [-648.764160156, 122.343482971, -7.8773188591, 42.1163024902, -6.74716281891, 22.3327465057, -6.76240348816, 17.9389762878, -11.7051992416, 10.4879732132, -6.0404009819, 2.98541378975, -7.39489269257],
        "cov": [[9320.78613281, 25.7408161163, -822.075439453, 317.254669189, -291.788665771, 154.927566528, -186.138549805, 277.318603516, -203.529556274, 200.136505127, -74.4847946167, 151.44821167, -119.477210999], [25.7408161163, 1078.20141602, 96.8162231445, 82.1134338379, 28.999174118, 78.4490280151, 47.9206733704, -63.4009742737, 100.010498047, 4.89912080765, -34.8694000244, -7.63698673248, 48.5227661133], [-822.075439453, 96.8162231445, 502.60635376, 49.5765190125, 109.251075745, 75.6891937256, 54.0333747864, -6.73023080826, 42.2524986267, -7.90584135056, -2.03764104843, 1.25128674507, 6.5598731041], [317.254669189, 82.1134338379, 49.5765190125, 315.53616333, 119.656890869, 94.3695068359, 67.4342498779, 85.2631759644, 3.12242889404, 15.7993183136, 35.8068084717, 17.7560424805, 13.1306867599], [-291.788665771, 28.999174118, 109.251075745, 119.656890869, 195.479064941, 89.0807876587, 70.0167007446, 40.08751297, 6.2188000679, 9.87865066528, 25.7357139587, 2.79698824883, 2.56512022018], [154.927566528, 78.4490280151, 75.6891937256, 94.3695068359, 89.0807876587, 155.052398682, 80.0842056274, 43.2348670959, 29.2108955383, 26.9783382416, 12.2643470764, 17.9483985901, 9.42306518555], [-186.138549805, 47.9206733704, 54.0333747864, 67.4342498779, 70.0167007446, 80.0842056274, 130.236114502, 64.4669418335, 37.1114196777, 17.0530719757, 29.6572341919, 15.6151580811, 14.1510601044], [277.318603516, -63.4009742737, -6.73023080826, 85.2631759644, 40.08751297, 43.2348670959, 64.4669418335, 138.04826355, 21.4560680389, 26.6501865387, 36.7233810425, 17.6958351135, -0.442797094584], [-203.529556274, 100.010498047, 42.2524986267, 3.12242889404, 6.2188000679, 29.2108955383, 37.1114196777, 21.4560680389, 146.830245972, 51.9433441162, 9.02035236359, 17.3847980499, 44.4422874451], [200.136505127, 4.89912080765, -7.90584135056, 15.7993183136, 9.87865066528, 26.9783382416, 17.0530719757, 26.6501865387, 51.9433441162, 103.507743835, 40.6834068298, 23.4812736511, 13.4030733109], [-74.4847946167, -34.8694000244, -2.03764104843, 35.8068084717, 25.7357139587, 12.2643470764, 29.6572341919, 36.7233810425, 9.02035236359, 40.6834068298, 105.879447937, 35.2000083923, 14.2507352829], [151.44821167, -7.63698673248, 1.25128674507, 17.7560424805, 2.79698824883, 17.9483985901, 15.6151580811, 17.6958351135, 17.3847980499, 23.4812736511, 35.2000083923, 90.7719650269, 43.5196723938], [-119.477210999, 48.5227661133, 6.5598731041, 13.1306867599, 2.56512022018, 9.42306518555, 14.1510601044, -0.442797094584, 44.4422874451, 13.4030733109, 14.2507352829, 43.5196723938, 97.0479431152]],
